935659.448767 1916167.15798 0
935659.448767 1916167.15798 0
935659.448767 1916167.15798 0
935659.448767 1916167.15798 0
935659.448767 1916167.15798 0
935659.448682 1916167.14689 0
935659.448682 1916167.14689 0
935659.448682 1916167.14689 0
935659.448682 1916167.14689 0
935659.448682 1916167.14689 0
935659.448682 1916167.14689 0
935659.448682 1916167.14689 0
935659.448682 1916167.14689 0
935659.448682 1916167.14689 0
935659.448682 1916167.14689 0
935659.448682 1916167.14689 0
935659.448682 1916167.14689 0
935659.448682 1916167.14689 0
935659.448597 1916167.1358 0
935659.448597 1916167.1358 0
935659.448597 1916167.1358 0
935659.448597 1916167.1358 0
935659.448597 1916167.1358 0
935659.448597 1916167.1358 0
935659.448597 1916167.1358 0
935659.457466 1916167.13573 0
935659.448597 1916167.1358 0
935659.448597 1916167.1358 0
935659.448597 1916167.1358 0
935659.448597 1916167.1358 0
935659.448597 1916167.1358 0
935659.448682 1916167.14689 0
935659.448767 1916167.15798 0
935659.457891 1916167.1912 0
935659.458061 1916167.21339 0
935659.467186 1916167.2466 0
935659.458656 1916167.29104 0
935659.467866 1916167.33535 0
935659.468206 1916167.37973 0
935659.477416 1916167.42404 0
935659.477841 1916167.47951 0
935659.48722 1916167.546 0
935659.496515 1916167.6014 0
935659.505894 1916167.6679 0
935659.515274 1916167.7344 0
935659.515869 1916167.81206 0
935659.534203 1916167.88958 0
935659.534798 1916167.96724 0
935659.553132 1916168.04476 0
935659.553727 1916168.12242 0
935659.571891 1916168.17775 0
935659.581441 1916168.26643 0
935659.573166 1916168.34416 0
935659.573761 1916168.42182 0
935659.592096 1916168.49934 0
935659.592776 1916168.58809 0
935659.602325 1916168.67678 0
935659.60292 1916168.75444 0
935659.612385 1916168.83203 0
935659.630804 1916168.92064 0
935659.631399 1916168.9983 0
935659.649818 1916169.08692 0
935659.650498 1916169.17567 0
935659.659963 1916169.25326 0
935659.669427 1916169.33085 0
935659.670022 1916169.40851 0
935659.706945 1916169.59683 0
935659.707541 1916169.67449 0
935659.708136 1916169.75215 0
935659.717685 1916169.84083 0
935659.72715 1916169.91842 0
935659.736614 1916169.99601 0
935659.72834 1916170.07374 0
935659.746674 1916170.15126 0
935659.756054 1916170.21776 0
935659.747949 1916170.31767 0
935659.748544 1916170.39533 0
935659.749309 1916170.49518 0
935659.749904 1916170.57283 0
935659.750584 1916170.66159 0
935659.751264 1916170.75034 0
935659.743075 1916170.83916 0
935659.74384 1916170.93901 0
935659.735566 1916171.01673 0
935659.7452 1916171.11651 0
935659.737011 1916171.20533 0
935659.737776 1916171.30518 0
935659.729587 1916171.394 0
935659.730352 1916171.49384 0
935659.722162 1916171.58266 0
935659.722927 1916171.68251 0
935659.714738 1916171.77133 0
935659.724372 1916171.87111 0
935659.716268 1916171.97102 0
935659.717033 1916172.07087 0
935659.717798 1916172.17071 0
935659.709694 1916172.27063 0
935659.710374 1916172.35938 0
935659.702355 1916172.47039 0
935659.70295 1916172.54805 0
935659.703885 1916172.67008 0
935659.695695 1916172.7589 0
935659.70533 1916172.85868 0
935659.697225 1916172.95859 0
935659.697991 1916173.05844 0
935659.698841 1916173.16938 0
935659.699436 1916173.24704 0
935659.709155 1916173.35791 0
935659.700966 1916173.44673 0
935659.701816 1916173.55767 0
935659.711451 1916173.65745 0
935659.703346 1916173.75736 0
935659.704111 1916173.85721 0
935659.704791 1916173.94596 0
935659.705641 1916174.0569 0
935659.715361 1916174.16777 0
935659.707257 1916174.26769 0
935659.708107 1916174.37863 0
935659.708957 1916174.48957 0
935659.718676 1916174.60044 0
935659.719526 1916174.71138 0
935659.711507 1916174.82239 0
935659.712357 1916174.93333 0
935659.713122 1916175.03317 0
935659.714057 1916175.15521 0
935659.706038 1916175.26622 0
935659.706888 1916175.37716 0
935659.698869 1916175.48817 0
935659.708588 1916175.59904 0
935659.691784 1916175.72121 0
935659.710373 1916175.83201 0
935659.69357 1916175.95418 0
935659.69442 1916176.06512 0
935659.69527 1916176.17606 0
935659.68725 1916176.28707 0
935659.688186 1916176.4091 0
935659.689036 1916176.52004 0
935659.689886 1916176.63099 0
935659.690736 1916176.74193 0
935659.691671 1916176.86396 0
935659.683652 1916176.97497 0
935659.675717 1916177.09707 0
935659.676652 1916177.2191 0
935659.677502 1916177.33004 0
935659.678352 1916177.44098 0
935659.679373 1916177.57411 0
935659.680308 1916177.69615 0
935659.681158 1916177.80709 0
935659.673223 1916177.92919 0
935659.665289 1916178.05129 0
935659.666224 1916178.17333 0
935659.667159 1916178.29536 0
935659.659225 1916178.41746 0
935659.660075 1916178.5284 0
935659.652226 1916178.6616 0
935659.653076 1916178.77254 0
935659.654096 1916178.90567 0
935659.637207 1916179.01674 0
935659.638057 1916179.12768 0
935659.630208 1916179.26088 0
935659.631058 1916179.37182 0
935659.614339 1916179.50508 0
935659.615189 1916179.61602 0
935659.616209 1916179.74915 0
935659.608275 1916179.87125 0
935659.609125 1916179.98219 0
935659.60136 1916180.12648 0
935659.602126 1916180.22633 0
935659.603146 1916180.35946 0
935659.595211 1916180.48156 0
935659.587277 1916180.60366 0
935659.597082 1916180.72563 0
935659.589232 1916180.85883 0
935659.590082 1916180.96977 0
935659.591102 1916181.10289 0
935659.574298 1916181.22506 0
935659.575319 1916181.35819 0
935659.567384 1916181.4803 0
935659.577274 1916181.61336 0
935659.560555 1916181.74662 0
935659.57036 1916181.86859 0
935659.57138 1916182.00171 0
935659.563445 1916182.12382 0
935659.573335 1916182.25688 0
935659.556531 1916182.37905 0
935659.557551 1916182.51217 0
935659.558571 1916182.6453 0
935659.559591 1916182.77843 0
935659.551657 1916182.90053 0
935659.561547 1916183.03359 0
935659.553612 1916183.1557 0
935659.554547 1916183.27773 0
935659.546698 1916183.41093 0
935659.556588 1916183.54399 0
935659.548738 1916183.67718 0
935659.549673 1916183.79922 0
935659.541909 1916183.94351 0
935659.533805 1916184.04342 0
935659.543694 1916184.17648 0
935659.53576 1916184.29858 0
935659.527826 1916184.42069 0
935659.53763 1916184.54265 0
935659.529611 1916184.65366 0
935659.530631 1916184.78679 0
935659.531396 1916184.88663 0
935659.523547 1916185.01983 0
935659.524312 1916185.11968 0
935659.516377 1916185.24178 0
935659.517142 1916185.34163 0
935659.518078 1916185.46366 0
935659.509973 1916185.56357 0
935659.501954 1916185.67458 0
935659.502804 1916185.78552 0
935659.494699 1916185.88544 0
935659.49555 1916185.99638 0
935659.496315 1916186.09622 0
935659.49725 1916186.21826 0
935659.489145 1916186.31817 0
935659.489996 1916186.42911 0
935659.482061 1916186.55121 0
935659.475062 1916186.79535 0
935659.467213 1916186.92855 0
935659.468233 1916187.06167 0
935659.469168 1916187.18371 0
935659.461318 1916187.3169 0
935659.462254 1916187.43894 0
935659.454319 1916187.56104 0
935659.455254 1916187.68308 0
935659.44732 1916187.80518 0
935659.439386 1916187.92728 0
935659.44919 1916188.04925 0
935659.441256 1916188.17135 0
935659.442106 1916188.28229 0
935659.434257 1916188.41548 0
935659.435107 1916188.52642 0
935659.436127 1916188.65955 0
935659.428192 1916188.78166 0
935659.429127 1916188.90369 0
935659.430063 1916189.02572 0
935659.413259 1916189.14789 0
935659.423063 1916189.26986 0
935659.415214 1916189.40306 0
935659.424849 1916189.50283 0
935659.417084 1916189.64712 0
935659.418019 1916189.76916 0
935659.418954 1916189.89119 0
935659.419975 1916190.02432 0
935659.41187 1916190.12424 0
935659.412975 1916190.26846 0
935659.404956 1916190.37947 0
935659.414846 1916190.51253 0
935659.406826 1916190.62353 0
935659.398977 1916190.75673 0
935659.399912 1916190.87877 0
935659.400847 1916191.0008 0
935659.392913 1916191.1229 0
935659.402632 1916191.23377 0
935659.377044 1916191.36711 0
935659.395803 1916191.5001 0
935659.378914 1916191.61117 0
935659.379849 1916191.73321 0
935659.389654 1916191.85517 0
935659.38172 1916191.97728 0
935659.364916 1916192.09945 0
935659.374635 1916192.21032 0
935659.358002 1916192.35468 0
935659.358852 1916192.46562 0
935659.351002 1916192.59881 0
935659.351767 1916192.69866 0
935659.343918 1916192.83186 0
935659.335899 1916192.94286 0
935659.336834 1916193.0649 0
935659.337769 1916193.18693 0
935659.329835 1916193.30904 0
935659.330855 1916193.44216 0
935659.32292 1916193.56427 0
935659.323855 1916193.6863 0
935659.324791 1916193.80833 0
935659.307987 1916193.9305 0
935659.309007 1916194.06363 0
935659.301073 1916194.18573 0
935659.301923 1916194.29667 0
935659.294158 1916194.44096 0
935659.295093 1916194.563 0
935659.287244 1916194.6962 0
935659.288264 1916194.82932 0
935659.28016 1916194.92924 0
935659.27231 1916195.06243 0
935659.264121 1916195.15125 0
935659.256187 1916195.27336 0
935659.239128 1916195.36224 0
935659.231194 1916195.48435 0
935659.223004 1916195.57317 0
935659.206115 1916195.68424 0
935659.189056 1916195.77313 0
935659.171998 1916195.86202 0
935659.146154 1916195.96207 0
935659.111441 1916196.06219 0
935659.085598 1916196.16224 0
935659.051055 1916196.28454 0
935659.016343 1916196.38466 0
935658.981715 1916196.49587 0
935658.929348 1916196.60722 0
935658.876981 1916196.71857 0
935658.806791 1916196.81896 0
935658.754339 1916196.91921 0
935658.710842 1916197.03049 0
935658.631867 1916197.14205 0
935658.57046 1916197.23127 0
935658.50027 1916197.33166 0
935658.439034 1916197.44308 0
935658.368673 1916197.52128 0
935658.298482 1916197.62167 0
935658.237076 1916197.7109 0
935658.157846 1916197.78917 0
935658.105224 1916197.86723 0
935658.052687 1916197.95639 0
935657.991196 1916198.03453 0
935657.92979 1916198.12376 0
935657.859429 1916198.20196 0
935657.806808 1916198.28002 0
935657.736447 1916198.35823 0
935657.675126 1916198.45855 0
935657.61372 1916198.54778 0
935657.543359 1916198.62598 0
935657.490822 1916198.71514 0
935657.420547 1916198.80443 0
935657.36801 1916198.89359 0
935657.306519 1916198.97173 0
935657.253897 1916199.04979 0
935657.201275 1916199.12786 0
935657.157523 1916199.20586 0
935657.096032 1916199.28399 0
935657.052364 1916199.37308 0
935657.008527 1916199.43999 0
935656.973644 1916199.51792 0
935656.929892 1916199.59591 0
935656.886055 1916199.66282 0
935656.851172 1916199.74075 0
935656.816374 1916199.82977 0
935656.781577 1916199.9188 0
935656.738079 1916200.03008 0
935656.694667 1916200.15245 0
935656.65134 1916200.28592 0
935656.607928 1916200.40829 0
935656.555901 1916200.56402 0
935656.512574 1916200.69749 0
935656.460377 1916200.83102 0
935656.42592 1916200.96442 0
935656.391462 1916201.09782 0
935656.365789 1916201.22006 0
935656.340116 1916201.3423 0
935656.323142 1916201.44228 0
935656.306338 1916201.56445 0
935656.298149 1916201.65327 0
935656.290044 1916201.75318 0
935656.281855 1916201.842 0
935656.273666 1916201.93082 0
935656.274176 1916201.99739 0
935656.274771 1916202.07505 0
935656.275281 1916202.14161 0
935656.275791 1916202.20818 0
935656.267347 1916202.26371 0
935656.276556 1916202.30802 0
935656.276981 1916202.36349 0
935656.277491 1916202.43006 0
935656.277831 1916202.47443 0
935656.278171 1916202.51881 0
935656.287381 1916202.56312 0
935656.278852 1916202.60756 0
935656.278342 1916202.541 0
935656.278427 1916202.55209 0
935656.287296 1916202.55202 0
935656.278512 1916202.56318 0
935656.287381 1916202.56312 0
935656.287381 1916202.56312 0
935656.278427 1916202.55209 0
935656.287296 1916202.55202 0
935656.278427 1916202.55209 0
935656.287296 1916202.55202 0
935656.287296 1916202.55202 0
935656.287296 1916202.55202 0
935656.287296 1916202.55202 0
935656.278427 1916202.55209 0
935656.278427 1916202.55209 0
935656.287296 1916202.55202 0
935656.278427 1916202.55209 0
935656.278427 1916202.55209 0
935656.287296 1916202.55202 0
935656.287296 1916202.55202 0
935656.278427 1916202.55209 0
935656.287296 1916202.55202 0
