935632.366501 1916033.819 0
935632.366501 1916033.819 0
935632.366501 1916033.819 0
935632.366501 1916033.819 0
935632.357631 1916033.81907 0
935632.366501 1916033.819 0
935632.366501 1916033.819 0
935632.357631 1916033.81907 0
935632.366501 1916033.819 0
935632.366501 1916033.819 0
935632.357631 1916033.81907 0
935632.366501 1916033.819 0
935632.366416 1916033.80791 0
935632.366416 1916033.80791 0
935632.366501 1916033.819 0
935632.366501 1916033.819 0
935632.366501 1916033.819 0
935632.366501 1916033.819 0
935632.366501 1916033.819 0
935632.366501 1916033.819 0
935632.366501 1916033.819 0
935632.366501 1916033.819 0
935632.366501 1916033.819 0
935632.366416 1916033.80791 0
935632.366501 1916033.819 0
935632.366501 1916033.819 0
935632.366501 1916033.819 0
935632.366501 1916033.819 0
935632.366501 1916033.819 0
935632.366501 1916033.819 0
935632.366501 1916033.819 0
935632.366501 1916033.819 0
935632.366501 1916033.819 0
935632.366501 1916033.819 0
935632.366416 1916033.80791 0
935632.366416 1916033.80791 0
935632.366416 1916033.80791 0
935632.366416 1916033.80791 0
935632.366416 1916033.80791 0
935632.366501 1916033.819 0
935632.366416 1916033.80791 0
935632.366416 1916033.80791 0
935632.366501 1916033.819 0
935632.366501 1916033.819 0
935632.366501 1916033.819 0
935632.366501 1916033.819 0
935632.357546 1916033.80797 0
935632.366416 1916033.80791 0
935632.366501 1916033.819 0
935632.366501 1916033.819 0
935632.375456 1916033.83003 0
935632.375541 1916033.84112 0
935632.38458 1916033.86324 0
935632.39362 1916033.88536 0
935632.411615 1916033.91851 0
935632.420739 1916033.95172 0
935632.438734 1916033.98487 0
935632.456728 1916034.01801 0
935632.474723 1916034.05116 0
935632.492887 1916034.10649 0
935632.510881 1916034.13964 0
935632.528961 1916034.18388 0
935632.54704 1916034.22812 0
935632.574074 1916034.28339 0
935632.592154 1916034.32763 0
935632.619188 1916034.38289 0
935632.646222 1916034.43816 0
935632.664302 1916034.4824 0
935632.691336 1916034.53766 0
935632.71837 1916034.59293 0
935632.736534 1916034.64826 0
935632.763484 1916034.69244 0
935632.790603 1916034.7588 0
935632.817637 1916034.81406 0
935632.835801 1916034.8694 0
935632.862835 1916034.92466 0
935632.880915 1916034.9689 0
935632.908034 1916035.03526 0
935632.935068 1916035.09053 0
935632.962102 1916035.1458 0
935632.989222 1916035.21216 0
935633.016341 1916035.27852 0
935633.05233 1916035.34481 0
935633.115438 1916035.47746 0
935633.151511 1916035.55485 0
935633.178631 1916035.62121 0
935633.214704 1916035.69859 0
935633.250778 1916035.77598 0
935633.277983 1916035.85343 0
935633.314056 1916035.93082 0
935633.35013 1916036.0082 0
935633.395074 1916036.08552 0
935633.422278 1916036.16298 0
935633.458352 1916036.24036 0
935633.503295 1916036.31768 0
935633.539369 1916036.39507 0
935633.575443 1916036.47245 0
935633.620386 1916036.54977 0
935633.656375 1916036.61606 0
935633.692534 1916036.70454 0
935633.728608 1916036.78193 0
935633.764597 1916036.84822 0
935633.80954 1916036.92554 0
935633.845699 1916037.01402 0
935633.881773 1916037.09141 0
935633.917847 1916037.16879 0
935633.954006 1916037.25727 0
935633.998949 1916037.33459 0
935634.043893 1916037.41191 0
935634.079967 1916037.4893 0
935634.124995 1916037.57771 0
935634.169854 1916037.64393 0
935634.214882 1916037.73234 0
935634.26878 1916037.82069 0
935634.322593 1916037.89794 0
935634.367622 1916037.98635 0
935634.43039 1916038.07463 0
935634.484288 1916038.16297 0
935634.547056 1916038.25125 0
935634.609823 1916038.33952 0
935634.672591 1916038.4278 0
935634.744314 1916038.5271 0
935634.806996 1916038.60428 0
935634.878719 1916038.70359 0
935634.959311 1916038.80282 0
935635.030948 1916038.89103 0
935635.12041 1916038.9902 0
935635.201002 1916039.08943 0
935635.290464 1916039.1886 0
935635.380011 1916039.29886 0
935635.469387 1916039.38693 0
935635.567804 1916039.49712 0
935635.657266 1916039.59629 0
935635.755597 1916039.69539 0
935635.836274 1916039.80571 0
935635.934605 1916039.90481 0
935636.032937 1916040.00391 0
935636.131268 1916040.10301 0
935636.229685 1916040.2132 0
935636.319061 1916040.30127 0
935636.426347 1916040.4114 0
935636.524594 1916040.4994 0
935636.614055 1916040.59857 0
935636.712387 1916040.69767 0
935636.801848 1916040.79683 0
935636.89131 1916040.896 0
935636.989641 1916040.9951 0
935637.079018 1916041.08317 0
935637.168565 1916041.19343 0
935637.257941 1916041.2815 0
935637.347403 1916041.38067 0
935637.427995 1916041.4799 0
935637.517457 1916041.57907 0
935637.606918 1916041.67824 0
935637.678556 1916041.76644 0
935637.759148 1916041.86568 0
935637.839655 1916041.95382 0
935637.911462 1916042.06421 0
935637.9831 1916042.15242 0
935638.063777 1916042.26275 0
935638.135499 1916042.36205 0
935638.207222 1916042.46136 0
935638.278944 1916042.56066 0
935638.350751 1916042.67105 0
935638.422474 1916042.77036 0
935638.494281 1916042.88075 0
935638.565919 1916042.96896 0
935638.637811 1916043.09045 0
935638.709533 1916043.18975 0
935638.781256 1916043.28906 0
935638.844194 1916043.39952 0
935638.916001 1916043.50992 0
935638.978939 1916043.62038 0
935639.050661 1916043.71968 0
935639.122554 1916043.84117 0
935639.185491 1916043.95164 0
935639.257299 1916044.06203 0
935639.320236 1916044.1725 0
935639.383259 1916044.29406 0
935639.455067 1916044.40445 0
935639.518004 1916044.51492 0
935639.580942 1916044.62538 0
935639.64388 1916044.73585 0
935639.697948 1916044.84638 0
935639.760886 1916044.95684 0
935639.814954 1916045.06737 0
935639.877977 1916045.18893 0
935639.940829 1916045.2883 0
935640.003852 1916045.40986 0
935640.06679 1916045.52033 0
935640.129813 1916045.64188 0
935640.19275 1916045.75235 0
935640.255688 1916045.86281 0
935640.309756 1916045.97335 0
935640.381564 1916046.08374 0
935640.435717 1916046.20537 0
935640.498655 1916046.31583 0
935640.570547 1916046.43732 0
935640.63357 1916046.55888 0
935640.687638 1916046.66941 0
935640.75953 1916046.7909 0
935640.822553 1916046.91246 0
935640.885576 1916047.03402 0
935640.948599 1916047.15558 0
935641.011706 1916047.28823 0
935641.083599 1916047.40972 0
935641.146706 1916047.54237 0
935641.218684 1916047.67496 0
935641.281792 1916047.80761 0
935641.353769 1916047.94019 0
935641.416877 1916048.07285 0
935641.488939 1916048.21653 0
935641.551962 1916048.33808 0
935641.61507 1916048.47074 0
935641.687047 1916048.60332 0
935641.759025 1916048.7359 0
935641.813263 1916048.86863 0
935641.885155 1916048.99012 0
935641.957217 1916049.13379 0
935642.020325 1916049.26645 0
935642.092303 1916049.39903 0
935642.155495 1916049.54278 0
935642.218688 1916049.68652 0
935642.290666 1916049.81911 0
935642.353858 1916049.96285 0
935642.417051 1916050.1066 0
935642.489113 1916050.25028 0
935642.552221 1916050.38293 0
935642.615414 1916050.52668 0
935642.687561 1916050.68145 0
935642.750754 1916050.8252 0
935642.822902 1916050.97997 0
935642.886179 1916051.13481 0
935642.958327 1916051.28958 0
935643.030304 1916051.42217 0
935643.093667 1916051.5881 0
935643.15686 1916051.73185 0
935643.229092 1916051.89771 0
935643.292285 1916052.04146 0
935643.364432 1916052.19623 0
935643.427625 1916052.33998 0
935643.490903 1916052.49482 0
935643.55418 1916052.64966 0
935643.617373 1916052.79341 0
935643.680651 1916052.94825 0
935643.743929 1916053.10309 0
935643.807291 1916053.26902 0
935643.870484 1916053.41277 0
935643.933762 1916053.56761 0
935643.99704 1916053.72245 0
935644.060317 1916053.87729 0
935644.12351 1916054.02103 0
935644.186788 1916054.17587 0
935644.249981 1916054.31962 0
935644.304389 1916054.47453 0
935644.367581 1916054.61828 0
935644.430774 1916054.76202 0
935644.494052 1916054.91686 0
935644.548375 1916055.06068 0
935644.611653 1916055.21552 0
935644.665976 1916055.35933 0
935644.720384 1916055.51424 0
935644.774707 1916055.65805 0
935644.837985 1916055.8129 0
935644.892308 1916055.95671 0
935644.946716 1916056.11162 0
935645.009908 1916056.25536 0
935645.064317 1916056.41027 0
935645.11864 1916056.55409 0
935645.172963 1916056.6979 0
935645.227371 1916056.85281 0
935645.281609 1916056.98553 0
935645.336017 1916057.14044 0
935645.38147 1916057.28432 0
935645.444663 1916057.42807 0
935645.499156 1916057.59407 0
935645.553479 1916057.73788 0
935645.616757 1916057.89272 0
935645.671165 1916058.04763 0
935645.725488 1916058.19145 0
935645.779981 1916058.35745 0
935645.834389 1916058.51236 0
935645.888797 1916058.66727 0
935645.95216 1916058.8332 0
935646.006568 1916058.98811 0
935646.069846 1916059.14295 0
935646.133208 1916059.30888 0
935646.187616 1916059.46379 0
935646.250979 1916059.62973 0
935646.314257 1916059.78457 0
935646.377534 1916059.93941 0
935646.440812 1916060.09425 0
935646.49522 1916060.24916 0
935646.558583 1916060.41509 0
935646.612906 1916060.55891 0
935646.676268 1916060.72484 0
935646.739461 1916060.86859 0
935646.802824 1916061.03452 0
935646.866101 1916061.18936 0
935646.929379 1916061.3442 0
935646.992657 1916061.49904 0
935647.056019 1916061.66498 0
935647.119382 1916061.83091 0
935647.182659 1916061.98575 0
935647.246022 1916062.15169 0
935647.3093 1916062.30653 0
935647.372662 1916062.47246 0
935647.43594 1916062.6273 0
935647.499303 1916062.79324 0
935647.553711 1916062.94814 0
935647.608204 1916063.11415 0
935647.671481 1916063.26899 0
935647.734929 1916063.44601 0
935647.789337 1916063.60092 0
935647.84383 1916063.76693 0
935647.898238 1916063.92183 0
935647.952731 1916064.08784 0
935648.007224 1916064.25384 0
935648.070587 1916064.41977 0
935648.116125 1916064.57475 0
935648.170703 1916064.75185 0
935648.225111 1916064.90675 0
935648.279604 1916065.07276 0
935648.334097 1916065.23876 0
935648.388505 1916065.39367 0
935648.442998 1916065.55967 0
935648.506445 1916065.7367 0
935648.551984 1916065.89168 0
935648.606562 1916066.06877 0
935648.66097 1916066.22368 0
935648.706593 1916066.38975 0
935648.761001 1916066.54466 0
935648.815579 1916066.72176 0
935648.870072 1916066.88776 0
935648.92448 1916067.04267 0
935648.970103 1916067.20874 0
935649.024596 1916067.37474 0
935649.070135 1916067.52972 0
935649.106888 1916067.69585 0
935649.161296 1916067.85076 0
935649.206835 1916068.00574 0
935649.252458 1916068.17181 0
935649.297996 1916068.32679 0
935649.34362 1916068.49286 0
935649.389158 1916068.64783 0
935649.434696 1916068.80281 0
935649.48032 1916068.96888 0
935649.516988 1916069.12392 0
935649.562527 1916069.2789 0
935649.608065 1916069.43388 0
935649.653603 1916069.58885 0
935649.690272 1916069.7439 0
935649.73581 1916069.89887 0
935649.781349 1916070.05385 0
935649.818017 1916070.20889 0
935649.863556 1916070.36387 0
935649.909009 1916070.50775 0
935649.954547 1916070.66273 0
935650.000086 1916070.81771 0
935650.036669 1916070.96166 0
935650.082293 1916071.12773 0
935650.127746 1916071.27161 0
935650.164415 1916071.42665 0
935650.209868 1916071.57054 0
935650.246537 1916071.72558 0
935650.292075 1916071.88056 0
935650.337613 1916072.03553 0
935650.374197 1916072.17948 0
935650.419735 1916072.33446 0
935650.456319 1916072.47841 0
935650.492987 1916072.63345 0
935650.538611 1916072.79952 0
935650.575194 1916072.94347 0
935650.620733 1916073.09845 0
935650.657316 1916073.2424 0
935650.693985 1916073.39745 0
935650.730569 1916073.5414 0
935650.776107 1916073.69637 0
935650.812691 1916073.84032 0
935650.849359 1916073.99537 0
935650.885943 1916074.13932 0
935650.922527 1916074.28327 0
935650.950241 1916074.42729 0
935650.986739 1916074.56014 0
935651.014538 1916074.71525 0
935651.051037 1916074.84811 0
935651.087706 1916075.00316 0
935651.106465 1916075.13615 0
935651.143049 1916075.2801 0
935651.161808 1916075.41309 0
935651.198307 1916075.54595 0
935651.216981 1916075.66784 0
935651.24461 1916075.80077 0
935651.272069 1916075.91151 0
935651.299613 1916076.03334 0
935651.327157 1916076.15517 0
935651.345832 1916076.27706 0
935651.373376 1916076.39889 0
935651.401005 1916076.53182 0
935651.419679 1916076.65372 0
935651.447308 1916076.78664 0
935651.466067 1916076.91963 0
935651.493781 1916077.06365 0
935651.52141 1916077.19658 0
935651.549209 1916077.35169 0
935651.577009 1916077.5068 0
935651.604808 1916077.66191 0
935651.632522 1916077.80593 0
935651.660406 1916077.97214 0
935651.688205 1916078.12725 0
935651.716004 1916078.28236 0
935651.743803 1916078.43748 0
935651.762647 1916078.58156 0
935651.790361 1916078.72558 0
935651.81816 1916078.88069 0
935651.837005 1916079.02478 0
935651.855764 1916079.15777 0
935651.883393 1916079.29069 0
935651.902152 1916079.42369 0
935651.920827 1916079.54559 0
935651.930632 1916079.66755 0
935651.958176 1916079.78938 0
935651.97685 1916079.91128 0
935651.995354 1916080.01099 0
935652.005074 1916080.12186 0
935652.023578 1916080.22157 0
935652.033213 1916080.32135 0
935652.051718 1916080.42106 0
935652.070137 1916080.50968 0
935652.079687 1916080.59836 0
935652.089236 1916080.68705 0
935652.098616 1916080.75354 0
935652.107996 1916080.82004 0
935652.11695 1916080.83106 0
935652.11729 1916080.87544 0
935652.126245 1916080.88647 0
935652.117375 1916080.88653 0
935652.11729 1916080.87544 0
935652.11729 1916080.87544 0
935652.11746 1916080.89763 0
935652.117205 1916080.86435 0
935652.117375 1916080.88653 0
935652.117205 1916080.86435 0
935652.11729 1916080.87544 0
935652.117205 1916080.86435 0
935652.11729 1916080.87544 0
