935649.964597 1916096.28024 0
935649.964597 1916096.28024 0
935649.964597 1916096.28024 0
935649.964597 1916096.28024 0
935649.964597 1916096.28024 0
935649.964597 1916096.28024 0
935649.964597 1916096.28024 0
935649.964597 1916096.28024 0
935649.973467 1916096.28018 0
935649.964597 1916096.28024 0
935649.964682 1916096.29134 0
935649.973467 1916096.28018 0
935649.964597 1916096.28024 0
935649.964682 1916096.29134 0
935649.964682 1916096.29134 0
935649.964682 1916096.29134 0
935649.964682 1916096.29134 0
935649.964682 1916096.29134 0
935649.964682 1916096.29134 0
935649.964682 1916096.29134 0
935649.964682 1916096.29134 0
935649.964682 1916096.29134 0
935649.964682 1916096.29134 0
935649.964597 1916096.28024 0
935649.964597 1916096.28024 0
935649.964682 1916096.29134 0
935649.964682 1916096.29134 0
935649.964597 1916096.28024 0
935649.964597 1916096.28024 0
935649.964597 1916096.28024 0
935649.964597 1916096.28024 0
935649.964597 1916096.28024 0
935649.964597 1916096.28024 0
935649.964682 1916096.29134 0
935649.964597 1916096.28024 0
935649.964682 1916096.29134 0
935649.964597 1916096.28024 0
935649.964682 1916096.29134 0
935649.973467 1916096.28018 0
935649.964597 1916096.28024 0
935649.973467 1916096.28018 0
935649.964682 1916096.29134 0
935649.973552 1916096.29127 0
935649.964597 1916096.28024 0
935649.964682 1916096.29134 0
935649.964682 1916096.29134 0
935649.964682 1916096.29134 0
935649.964682 1916096.29134 0
935649.964682 1916096.29134 0
935649.964682 1916096.29134 0
935649.964767 1916096.30243 0
935649.964682 1916096.29134 0
935649.964682 1916096.29134 0
935649.964682 1916096.29134 0
935649.964682 1916096.29134 0
935649.964682 1916096.29134 0
935649.964682 1916096.29134 0
935649.964682 1916096.29134 0
935649.964682 1916096.29134 0
935649.964682 1916096.29134 0
935649.964682 1916096.29134 0
935649.964682 1916096.29134 0
935649.964682 1916096.29134 0
935649.964682 1916096.29134 0
935649.964682 1916096.29134 0
935649.964682 1916096.29134 0
935649.964682 1916096.29134 0
935649.964682 1916096.29134 0
935649.964682 1916096.29134 0
935649.964682 1916096.29134 0
935649.964597 1916096.28024 0
935649.964597 1916096.28024 0
935649.964682 1916096.29134 0
935649.964597 1916096.28024 0
935649.964597 1916096.28024 0
935649.964597 1916096.28024 0
935649.964597 1916096.28024 0
935649.964682 1916096.29134 0
935649.964597 1916096.28024 0
935649.964682 1916096.29134 0
935649.964682 1916096.29134 0
935649.964597 1916096.28024 0
935649.964682 1916096.29134 0
935649.964682 1916096.29134 0
935649.964682 1916096.29134 0
935649.964767 1916096.30243 0
935649.964767 1916096.30243 0
935649.973552 1916096.29127 0
935649.973637 1916096.30236 0
935649.973552 1916096.29127 0
935649.973552 1916096.29127 0
935649.964767 1916096.30243 0
935649.964767 1916096.30243 0
935649.964767 1916096.30243 0
935649.964852 1916096.31353 0
935649.964852 1916096.31353 0
935649.965022 1916096.33571 0
935649.965193 1916096.3579 0
935649.965448 1916096.39118 0
935649.965703 1916096.42447 0
935649.966128 1916096.47994 0
935649.966553 1916096.53541 0
935649.967063 1916096.60197 0
935649.976443 1916096.66847 0
935649.977038 1916096.74613 0
935649.986503 1916096.82372 0
935649.995967 1916096.90131 0
935649.996647 1916096.99006 0
935650.006112 1916097.06765 0
935650.015662 1916097.15633 0
935650.025212 1916097.24502 0
935650.025892 1916097.33377 0
935650.044311 1916097.42238 0
935650.044991 1916097.51114 0
935650.054541 1916097.59982 0
935650.07296 1916097.68844 0
935650.08251 1916097.77712 0
935650.101014 1916097.87683 0
935650.110564 1916097.96552 0
935650.129068 1916098.06523 0
935650.138618 1916098.15391 0
935650.157123 1916098.25362 0
935650.166757 1916098.3534 0
935650.185262 1916098.45311 0
935650.203766 1916098.55282 0
935650.222355 1916098.66362 0
935650.24086 1916098.76333 0
935650.268319 1916098.87407 0
935650.286993 1916098.99597 0
935650.305667 1916099.11787 0
935650.324257 1916099.22867 0
935650.342931 1916099.35057 0
935650.361605 1916099.47247 0
935650.38028 1916099.59437 0
935650.399039 1916099.72736 0
935650.426668 1916099.86028 0
935650.436473 1916099.98225 0
935650.446363 1916100.11531 0
935650.473907 1916100.23714 0
935650.492666 1916100.37013 0
935650.51134 1916100.49203 0
935650.52123 1916100.62509 0
935650.548689 1916100.73583 0
935650.558494 1916100.85779 0
935650.577253 1916100.99078 0
935650.604797 1916101.11261 0
935650.614687 1916101.24567 0
935650.642231 1916101.3675 0
935650.66099 1916101.5005 0
935650.679665 1916101.6224 0
935650.707379 1916101.76641 0
935650.725968 1916101.87722 0
935650.753682 1916102.02124 0
935650.772356 1916102.14313 0
935650.799985 1916102.27606 0
935650.818745 1916102.40905 0
935650.846289 1916102.53088 0
935650.865048 1916102.66387 0
935650.892592 1916102.7857 0
935650.911436 1916102.92979 0
935650.93898 1916103.05162 0
935650.966779 1916103.20673 0
935650.985454 1916103.32863 0
935651.022122 1916103.48368 0
935651.040882 1916103.61667 0
935651.068596 1916103.76069 0
935651.078655 1916103.91593 0
935651.142018 1916104.08187 0
935651.160777 1916104.21486 0
935651.179366 1916104.32567 0
935651.20708 1916104.46968 0
935651.225755 1916104.59158 0
935651.244514 1916104.72457 0
935651.254404 1916104.85763 0
935651.299602 1916104.96823 0
935651.33627 1916105.12328 0
935651.355285 1916105.28955 0
935651.36526 1916105.43371 0
935651.383934 1916105.55561 0
935651.402778 1916105.69969 0
935651.421538 1916105.83268 0
935651.449252 1916105.9767 0
935651.476881 1916106.10963 0
935651.49564 1916106.24262 0
935651.523269 1916106.37554 0
935651.542113 1916106.51963 0
935651.569827 1916106.66365 0
935651.588587 1916106.79664 0
935651.607516 1916106.95182 0
935651.635145 1916107.08475 0
935651.671558 1916107.20651 0
935651.663794 1916107.3508 0
935651.691423 1916107.48372 0
935651.719052 1916107.61665 0
935651.737811 1916107.74964 0
935651.747616 1916107.87161 0
935651.757676 1916108.02685 0
935651.794174 1916108.15971 0
935651.804064 1916108.29277 0
935651.822823 1916108.42576 0
935651.850452 1916108.55869 0
935651.860342 1916108.69175 0
935651.887971 1916108.82467 0
935651.897946 1916108.96883 0
935651.91662 1916109.09072 0
935651.93555 1916109.2459 0
935651.963094 1916109.36773 0
935651.990722 1916109.50066 0
935651.991743 1916109.63379 0
935652.019372 1916109.76671 0
935652.038131 1916109.8997 0
935652.056805 1916110.0216 0
935652.084434 1916110.15453 0
935652.103108 1916110.27642 0
935652.121953 1916110.42051 0
935652.140712 1916110.5535 0
935652.150602 1916110.68656 0
935652.178146 1916110.80839 0
935652.20586 1916110.95241 0
935652.260097 1916111.08513 0
935652.333264 1916111.37303 0
935652.360808 1916111.49486 0
935652.361658 1916111.6058 0
935652.362594 1916111.72784 0
935652.408217 1916111.89391 0
935652.462369 1916112.01553 0
935652.454605 1916112.15982 0
935652.482234 1916112.29275 0
935652.509948 1916112.43677 0
935652.546191 1916112.53634 0
935652.557016 1916112.79144 0
935652.566906 1916112.9245 0
935652.621228 1916113.06831 0
935652.666766 1916113.22329 0
935652.811825 1916113.63268 0
935652.830584 1916113.76567 0
935652.884907 1916113.90948 0
935652.912621 1916114.0535 0
935652.949034 1916114.17527 0
935652.994487 1916114.31915 0
935652.995423 1916114.44118 0
935653.031921 1916114.57404 0
935653.059635 1916114.71806 0
935653.096218 1916114.86201 0
935653.132887 1916115.01705 0
935653.169385 1916115.14991 0
935653.206054 1916115.30495 0
935653.251507 1916115.44883 0
935653.243827 1916115.60422 0
935653.307104 1916115.75906 0
935653.343603 1916115.89192 0
935653.371317 1916116.03593 0
935653.398776 1916116.14667 0
935653.444314 1916116.30165 0
935653.489852 1916116.45662 0
935653.52652 1916116.61167 0
935653.572143 1916116.77774 0
935653.608812 1916116.93278 0
935653.654435 1916117.09885 0
935653.708927 1916117.26486 0
935653.75455 1916117.43093 0
935653.800173 1916117.597 0
935653.845796 1916117.76307 0
935653.891419 1916117.92914 0
935653.937042 1916118.09521 0
935653.98258 1916118.25018 0
935654.037073 1916118.41619 0
935654.073911 1916118.59342 0
935654.128319 1916118.74833 0
935654.173942 1916118.9144 0
935654.228434 1916119.0804 0
935654.283012 1916119.2575 0
935654.33742 1916119.41241 0
935654.383213 1916119.60066 0
935654.428751 1916119.75564 0
935654.492283 1916119.94376 0
935654.54686 1916120.12086 0
935654.592483 1916120.28693 0
935654.638106 1916120.453 0
935654.692684 1916120.6301 0
935654.774125 1916120.84027 0
935654.828703 1916121.01737 0
935654.892235 1916121.20549 0
935654.946812 1916121.38259 0
935654.983736 1916121.57091 0
935655.038313 1916121.74801 0
935655.092891 1916121.92511 0
935655.129899 1916122.12453 0
935655.193346 1916122.30155 0
935655.230185 1916122.47879 0
935655.293717 1916122.66691 0
935655.330555 1916122.84414 0
935655.367394 1916123.02137 0
935655.467764 1916123.38673 0
935655.504773 1916123.58615 0
935655.550396 1916123.75222 0
935655.587404 1916123.95164 0
935655.615288 1916124.11785 0
935655.661166 1916124.3172 0
935655.706704 1916124.47218 0
935655.743627 1916124.6605 0
935655.789335 1916124.83767 0
935655.826089 1916125.00381 0
935655.854058 1916125.18111 0
935655.90855 1916125.34711 0
935655.936519 1916125.52441 0
935655.991011 1916125.69041 0
935656.01881 1916125.84552 0
935656.064518 1916126.02269 0
935656.101187 1916126.17773 0
935656.146809 1916126.3438 0
935656.192347 1916126.49878 0
935656.229101 1916126.66492 0
935656.25707 1916126.84222 0
935656.311477 1916126.99713 0
935656.34823 1916127.16327 0
935656.384984 1916127.3294 0
935656.430607 1916127.49547 0
935656.449366 1916127.62847 0
935656.486204 1916127.8057 0
935656.522703 1916127.93856 0
935656.550586 1916128.10476 0
935656.587255 1916128.25981 0
935656.623923 1916128.41485 0
935656.651722 1916128.56996 0
935656.688305 1916128.71391 0
935656.716189 1916128.88012 0
935656.743988 1916129.03523 0
935656.780656 1916129.19028 0
935656.799586 1916129.34546 0
935656.836169 1916129.48941 0
935656.855098 1916129.64459 0
935656.873942 1916129.78867 0
935656.892787 1916129.93276 0
935656.9205 1916130.07678 0
935656.948299 1916130.23189 0
935656.975928 1916130.36482 0
935656.994772 1916130.5089 0
935657.013617 1916130.65299 0
935657.04133 1916130.79701 0
935657.060175 1916130.94109 0
935657.078849 1916131.06299 0
935657.097778 1916131.21817 0
935657.116452 1916131.34007 0
935657.144166 1916131.48409 0
935657.162925 1916131.61708 0
935657.190639 1916131.7611 0
935657.200529 1916131.89416 0
935657.228157 1916132.02708 0
935657.246917 1916132.16008 0
935657.274545 1916132.293 0
935657.29339 1916132.43709 0
935657.320933 1916132.55892 0
935657.330908 1916132.70307 0
935657.358452 1916132.8249 0
935657.377296 1916132.96899 0
935657.387101 1916133.09095 0
935657.423769 1916133.246 0
935657.442528 1916133.37899 0
935657.461458 1916133.53417 0
935657.489171 1916133.67819 0
935657.508101 1916133.83337 0
935657.526945 1916133.97746 0
935657.554744 1916134.13257 0
935657.573673 1916134.28775 0
935657.610256 1916134.4317 0
935657.620231 1916134.57585 0
935657.648115 1916134.74206 0
935657.675743 1916134.87498 0
935657.694673 1916135.03016 0
935657.731341 1916135.18521 0
935657.7501 1916135.3182 0
935657.777899 1916135.47331 0
935657.805613 1916135.61733 0
935657.824372 1916135.75032 0
935657.852171 1916135.90544 0
935657.87093 1916136.03843 0
935657.898729 1916136.19354 0
935657.926442 1916136.33756 0
935657.945287 1916136.48165 0
935657.973085 1916136.63676 0
935658.000884 1916136.79187 0
935658.019558 1916136.91377 0
935658.047272 1916137.05779 0
935658.057247 1916137.20194 0
935658.08496 1916137.34596 0
935658.103805 1916137.49005 0
935658.122564 1916137.62304 0
935658.132623 1916137.77829 0
935658.160167 1916137.90012 0
935658.179096 1916138.0553 0
935658.188901 1916138.17726 0
935658.20783 1916138.33244 0
935658.20885 1916138.46557 0
935658.245434 1916138.60952 0
935658.237669 1916138.75381 0
935658.265383 1916138.89783 0
935658.275273 1916139.03089 0
935658.285247 1916139.17505 0
935658.304092 1916139.31913 0
935658.314066 1916139.46329 0
935658.324041 1916139.60744 0
935658.333931 1916139.7405 0
935658.352775 1916139.88459 0
935658.35388 1916140.02881 0
935658.372639 1916140.1618 0
935658.382614 1916140.30596 0
935658.401373 1916140.43895 0
935658.411433 1916140.5942 0
935658.421237 1916140.71616 0
935658.440167 1916140.87134 0
935658.441017 1916140.98228 0
935658.451076 1916141.13753 0
935658.460881 1916141.2595 0
935658.470771 1916141.39256 0
935658.480745 1916141.53671 0
935658.49055 1916141.65868 0
935658.500525 1916141.80283 0
935658.510414 1916141.93589 0
935658.511434 1916142.06902 0
935658.539148 1916142.21304 0
935658.540083 1916142.33507 0
935658.558842 1916142.46807 0
935658.559863 1916142.60119 0
935658.578622 1916142.73419 0
935658.588426 1916142.85615 0
935658.598316 1916142.98921 0
935658.617075 1916143.12221 0
935658.626965 1916143.25527 0
935658.645809 1916143.39935 0
935658.673438 1916143.53228 0
935658.683412 1916143.67643 0
935658.702257 1916143.82052 0
935658.712146 1916143.95358 0
935658.739945 1916144.10869 0
935658.74992 1916144.25284 0
935658.768764 1916144.39693 0
935658.787608 1916144.54102 0
935658.797583 1916144.68517 0
935658.807642 1916144.84042 0
935658.826487 1916144.98451 0
935658.827677 1916145.13982 0
935658.846606 1916145.295 0
935658.847796 1916145.45032 0
935658.86664 1916145.5944 0
935658.86783 1916145.74972 0
935658.868935 1916145.89394 0
935658.861256 1916146.04933 0
935658.862361 1916146.19355 0
935658.845897 1916146.3601 0
935658.847002 1916146.50432 0
935658.830454 1916146.65977 0
935658.822774 1916146.81515 0
935658.806225 1916146.97061 0
935658.789591 1916147.11496 0
935658.773042 1916147.27042 0
935658.747539 1916147.41484 0
935658.722036 1916147.55927 0
935658.714186 1916147.69247 0
935658.671029 1916147.84812 0
935658.65431 1916147.98139 0
935658.619937 1916148.12588 0
935658.594348 1916148.25921 0
935658.56006 1916148.4148 0
935658.525602 1916148.5482 0
935658.500014 1916148.68153 0
935658.456686 1916148.815 0
935658.422399 1916148.97059 0
935658.378986 1916149.09296 0
935658.344698 1916149.24855 0
935658.310155 1916149.37086 0
935658.249174 1916149.51555 0
935658.232455 1916149.64882 0
935658.171473 1916149.79352 0
935658.13693 1916149.91582 0
935658.093688 1916150.06038 0
935658.05923 1916150.19378 0
935658.015987 1916150.33835 0
935657.981529 1916150.47175 0
935657.947156 1916150.61624 0
935657.903829 1916150.74971 0
935657.860587 1916150.89427 0
935657.826214 1916151.03877 0
935657.791841 1916151.18326 0
935657.748513 1916151.31673 0
935657.705271 1916151.46129 0
935657.670983 1916151.61688 0
935657.63661 1916151.76137 0
935657.593453 1916151.91703 0
935657.567864 1916152.05036 0
935657.533576 1916152.20595 0
935657.490334 1916152.35051 0
935657.464915 1916152.50603 0
935657.439412 1916152.65046 0
935657.405039 1916152.79495 0
935657.379536 1916152.93938 0
935657.362987 1916153.09483 0
935657.337483 1916153.23926 0
935657.32085 1916153.38361 0
935657.31317 1916153.539 0
935657.287667 1916153.68342 0
935657.279902 1916153.82771 0
935657.272138 1916153.972 0
935657.255589 1916154.12746 0
935657.247825 1916154.27175 0
935657.240146 1916154.42713 0
935657.232381 1916154.57142 0
935657.224787 1916154.7379 0
935657.225892 1916154.88212 0
935657.218298 1916155.0486 0
935657.219488 1916155.20392 0
935657.211894 1916155.37039 0
935657.213084 1916155.52571 0
935657.214359 1916155.69212 0
935657.215634 1916155.85853 0
935657.208125 1916156.0361 0
935657.218354 1916156.21354 0
935657.2198 1916156.40214 0
935657.221245 1916156.59074 0
935657.222605 1916156.76824 0
935657.215351 1916156.9791 0
935657.225666 1916157.16763 0
935657.227281 1916157.37841 0
935657.219856 1916157.56708 0
935657.230341 1916157.7778 0
935657.231871 1916157.97749 0
935657.233487 1916158.18828 0
935657.235017 1916158.38797 0
935657.227763 1916158.59882 0
935657.229293 1916158.79851 0
935657.222124 1916159.02046 0
935657.205915 1916159.22029 0
935657.198831 1916159.45333 0
935657.191491 1916159.65309 0
935657.175368 1916159.86402 0
935657.159244 1916160.07494 0
935657.143035 1916160.27477 0
935657.126911 1916160.48569 0
935657.110617 1916160.67442 0
935657.094579 1916160.89644 0
935657.0695 1916161.09634 0
935657.062246 1916161.30719 0
935657.045952 1916161.49592 0
935657.020959 1916161.70691 0
935657.01345 1916161.88449 0
935656.997326 1916162.09541 0
935656.972163 1916162.28421 0
935656.955954 1916162.48404 0
935656.93966 1916162.67277 0
935656.932321 1916162.87253 0
935656.916027 1916163.06127 0
935656.899733 1916163.25 0
935656.892394 1916163.44976 0
935656.876015 1916163.6274 0
935656.868591 1916163.81607 0
935656.852297 1916164.0048 0
935656.844788 1916164.18238 0
935656.846148 1916164.35988 0
935656.829769 1916164.53752 0
935656.831129 1916164.71503 0
935656.814751 1916164.89267 0
935656.816111 1916165.07017 0
935656.817471 1916165.24767 0
935656.809962 1916165.42525 0
935656.802452 1916165.60282 0
935656.803813 1916165.78032 0
935656.796388 1916165.96899 0
935656.788794 1916166.13547 0
935656.781455 1916166.33523 0
935656.78273 1916166.50164 0
935656.775391 1916166.7014 0
935656.767881 1916166.87897 0
935656.769327 1916167.06757 0
935656.761732 1916167.23405 0
935656.754308 1916167.42271 0
935656.764538 1916167.60015 0
935656.757028 1916167.77772 0
935656.749519 1916167.95529 0
935656.750879 1916168.1328 0
935656.74337 1916168.31037 0
935656.74473 1916168.48788 0
935656.737221 1916168.66545 0
935656.738581 1916168.84295 0
935656.739941 1916169.02046 0
935656.741302 1916169.19796 0
935656.742662 1916169.37546 0
935656.735068 1916169.54194 0
935656.736513 1916169.73054 0
935656.737873 1916169.90805 0
935656.739233 1916170.08555 0
935656.731639 1916170.25203 0
935656.733084 1916170.44063 0
935656.734444 1916170.61813 0
935656.735805 1916170.79564 0
935656.73725 1916170.98423 0
935656.729741 1916171.16181 0
935656.731186 1916171.3504 0
935656.723762 1916171.53907 0
935656.725122 1916171.71658 0
935656.726567 1916171.90517 0
935656.719143 1916172.09384 0
935656.720418 1916172.26025 0
935656.713079 1916172.46001 0
935656.705569 1916172.63758 0
935656.707015 1916172.82618 0
935656.70829 1916172.99259 0
935656.700866 1916173.18126 0
935656.702311 1916173.36986 0
935656.694717 1916173.53633 0
935656.696247 1916173.73603 0
935656.688738 1916173.9136 0
935656.681313 1916174.10227 0
935656.682758 1916174.29086 0
935656.675419 1916174.49062 0
935656.667825 1916174.6571 0
935656.660571 1916174.86796 0
935656.661931 1916175.04546 0
935656.654592 1916175.24522 0
935656.647167 1916175.43389 0
935656.639828 1916175.63365 0
935656.632489 1916175.83341 0
935656.625065 1916176.02207 0
935656.608941 1916176.233 0
935656.610301 1916176.4105 0
935656.594177 1916176.62142 0
935656.595623 1916176.81002 0
935656.579414 1916177.00985 0
935656.580944 1916177.20954 0
935656.57352 1916177.39821 0
935656.566266 1916177.60906 0
935656.558841 1916177.79773 0
935656.560372 1916177.99742 0
935656.544163 1916178.19725 0
935656.545693 1916178.39694 0
935656.547223 1916178.59663 0
935656.539884 1916178.79639 0
935656.541415 1916178.99609 0
935656.534075 1916179.19585 0
935656.535606 1916179.39554 0
935656.528266 1916179.5953 0
935656.529797 1916179.79499 0
935656.531327 1916179.99468 0
935656.532857 1916180.19438 0
935656.543257 1916180.394 0
935656.544787 1916180.59369 0
935656.546232 1916180.78229 0
935656.547848 1916180.99308 0
935656.549293 1916181.18168 0
935656.550823 1916181.38137 0
935656.552353 1916181.58106 0
935656.562753 1916181.78069 0
935656.555414 1916181.98045 0
935656.556944 1916182.18014 0
935656.558559 1916182.39093 0
935656.560175 1916182.60171 0
935656.56162 1916182.79031 0
935656.56315 1916182.99 0
935656.555811 1916183.18976 0
935656.566211 1916183.38939 0
935656.558871 1916183.58915 0
935656.560402 1916183.78884 0
935656.570801 1916183.98846 0
935656.563462 1916184.18822 0
935656.573862 1916184.38785 0
935656.566523 1916184.58761 0
935656.576922 1916184.78723 0
935656.578453 1916184.98693 0
935656.571028 1916185.17559 0
935656.572644 1916185.38638 0
935656.565304 1916185.58614 0
935656.575619 1916185.77467 0
935656.568365 1916185.98552 0
935656.560941 1916186.17419 0
935656.57134 1916186.37381 0
935656.555132 1916186.57364 0
935656.556577 1916186.76224 0
935656.549238 1916186.962 0
935656.541814 1916187.15067 0
935656.543429 1916187.36145 0
935656.52705 1916187.53909 0
935656.52858 1916187.73879 0
935656.521071 1916187.91636 0
935656.513732 1916188.11612 0
935656.515007 1916188.28253 0
935656.498798 1916188.48236 0
935656.500244 1916188.67096 0
935656.492734 1916188.84853 0
935656.48531 1916189.03719 0
935656.486585 1916189.2036 0
935656.470377 1916189.40343 0
935656.462782 1916189.56991 0
935656.455443 1916189.76967 0
935656.438894 1916189.92512 0
935656.44034 1916190.11372 0
935656.423961 1916190.29136 0
935656.425321 1916190.46887 0
935656.417982 1916190.66863 0
935656.401433 1916190.82408 0
935656.402963 1916191.02377 0
935656.395454 1916191.20134 0
935656.388115 1916191.4011 0
935656.38939 1916191.56751 0
935656.373182 1916191.76734 0
935656.383496 1916191.95587 0
935656.367288 1916192.1557 0
935656.377687 1916192.35533 0
935656.379048 1916192.53283 0
935656.371793 1916192.74368 0
935656.382108 1916192.93222 0
935656.374854 1916193.14307 0
935656.394123 1916193.34263 0
935656.404608 1916193.55334 0
935656.388569 1916193.77536 0
935656.416623 1916193.96376 0
935656.400754 1916194.20796 0
935656.420023 1916194.40752 0
935656.404155 1916194.65172 0
935656.40577 1916194.86251 0
935656.425464 1916195.11753 0
935656.41804 1916195.3062 0
935656.419995 1916195.56136 0
935656.421526 1916195.76105 0
935656.414442 1916195.9941 0
935656.416142 1916196.21598 0
935656.408973 1916196.43793 0
935656.401804 1916196.65987 0
935656.394464 1916196.85963 0
935656.387295 1916197.08158 0
935656.388995 1916197.30346 0
935656.381571 1916197.49213 0
935656.374402 1916197.71408 0
935656.375932 1916197.91377 0
935656.368678 1916198.12462 0
935656.378993 1916198.31315 0
935656.371654 1916198.51291 0
935656.364314 1916198.71268 0
935656.365845 1916198.91237 0
935656.367375 1916199.11206 0
935656.368905 1916199.31175 0
935656.361566 1916199.51151 0
935656.363096 1916199.71121 0
935656.364627 1916199.9109 0
935656.366157 1916200.11059 0
935656.358733 1916200.29926 0
935656.360433 1916200.52114 0
935656.361793 1916200.69864 0
935656.354539 1916200.9095 0
935656.364939 1916201.10912 0
935656.34873 1916201.30895 0
935656.341221 1916201.48652 0
935656.342921 1916201.7084 0
935656.335412 1916201.88597 0
935656.337027 1916202.09676 0
935656.320648 1916202.2744 0
935656.313309 1916202.47416 0
935656.323539 1916202.6516 0
935656.307245 1916202.84033 0
935656.317645 1916203.03995 0
935656.301351 1916203.22869 0
935656.293927 1916203.41736 0
935656.295457 1916203.61705 0
935656.279249 1916203.81688 0
935656.280609 1916203.99438 0
935656.27327 1916204.19414 0
935656.283585 1916204.38267 0
935656.27616 1916204.57134 0
935656.277521 1916204.74884 0
935656.270011 1916204.92641 0
935656.280326 1916205.11494 0
935656.272817 1916205.29252 0
935656.265393 1916205.48118 0
935656.257968 1916205.66985 0
935656.250459 1916205.84742 0
935656.260774 1916206.03595 0
935656.244395 1916206.21359 0
935656.236886 1916206.39116 0
935656.229462 1916206.57983 0
935656.230822 1916206.75734 0
935656.214528 1916206.94607 0
935656.215889 1916207.12357 0
935656.208379 1916207.30115 0
935656.200785 1916207.46762 0
935656.202145 1916207.64513 0
935656.185767 1916207.82277 0
935656.186957 1916207.97809 0
935656.179533 1916208.16675 0
935656.171769 1916208.31104 0
935656.173214 1916208.49964 0
935656.174489 1916208.66605 0
935656.166895 1916208.83253 0
935656.16817 1916208.99894 0
935656.169445 1916209.16535 0
935656.170806 1916209.34285 0
935656.163041 1916209.48714 0
935656.173271 1916209.66458 0
935656.174546 1916209.83099 0
935656.166867 1916209.98637 0
935656.168227 1916210.16388 0
935656.169502 1916210.33029 0
935656.170778 1916210.4967 0
935656.171968 1916210.65202 0
935656.173243 1916210.81843 0
935656.174518 1916210.98484 0
935656.184663 1916211.15118 0
935656.185938 1916211.31759 0
935656.187214 1916211.484 0
935656.179534 1916211.63938 0
935656.189594 1916211.79463 0
935656.190869 1916211.96104 0
935656.192059 1916212.11636 0
935656.184465 1916212.28284 0
935656.185655 1916212.43815 0
935656.186931 1916212.60456 0
935656.188036 1916212.74879 0
935656.198096 1916212.90403 0
935656.181632 1916213.07058 0
935656.191691 1916213.22583 0
935656.184097 1916213.39231 0
935656.203111 1916213.55858 0
935656.204217 1916213.7028 0
935656.205492 1916213.86921 0
935656.206597 1916214.01344 0
935656.207787 1916214.16875 0
935656.226631 1916214.31284 0
935656.227822 1916214.46816 0
935656.237796 1916214.61231 0
935656.238816 1916214.74544 0
935656.248876 1916214.90069 0
935656.258766 1916215.03375 0
935656.268825 1916215.18899 0
935656.287585 1916215.32199 0
935656.28869 1916215.46621 0
935656.307534 1916215.6103 0
935656.326378 1916215.75438 0
935656.336353 1916215.89854 0
935656.355197 1916216.04262 0
935656.373956 1916216.17561 0
935656.392885 1916216.3308 0
935656.411729 1916216.47488 0
935656.430658 1916216.63006 0
935656.458457 1916216.78517 0
935656.48651 1916216.97357 0
935656.514224 1916217.11759 0
935656.542192 1916217.29489 0
935656.587815 1916217.46096 0
935656.615613 1916217.61607 0
935656.634628 1916217.78234 0
935656.653727 1916217.95971 0
935656.68161 1916218.12592 0
935656.736017 1916218.28083 0
935656.755116 1916218.4582 0
935656.800739 1916218.62427 0
935656.846361 1916218.79034 0
935656.856591 1916218.96777 0
935656.911083 1916219.13378 0
935656.992353 1916219.32176 0
935657.002498 1916219.48811 0
935657.065944 1916219.66513 0
935657.120521 1916219.84223 0
935657.14849 1916220.01953 0
935657.229675 1916220.19642 0
935657.266513 1916220.37366 0
935657.330129 1916220.57287 0
935657.393406 1916220.72771 0
935657.439198 1916220.91597 0
935657.502559 1916221.08191 0
935657.557051 1916221.24791 0
935657.620413 1916221.41384 0
935657.683774 1916221.57978 0
935657.74722 1916221.75681 0
935657.819451 1916221.92267 0
935657.891682 1916222.08854 0
935657.954873 1916222.23229 0
935658.053712 1916222.39795 0
935658.134898 1916222.57484 0
935658.207043 1916222.72961 0
935658.288143 1916222.89541 0
935658.369159 1916223.05012 0
935658.459213 1916223.22694 0
935658.549098 1916223.38158 0
935658.647852 1916223.53615 0
935658.737907 1916223.71297 0
935658.836746 1916223.87863 0
935658.944454 1916224.04423 0
935659.025554 1916224.21003 0
935659.133093 1916224.35343 0
935659.231847 1916224.508 0
935659.330601 1916224.66257 0
935659.42944 1916224.82823 0
935659.545763 1916224.96048 0
935659.644517 1916225.11505 0
935659.752055 1916225.25845 0
935659.859424 1916225.37967 0
935659.967217 1916225.55636 0
935660.074586 1916225.67758 0
935660.182124 1916225.82099 0
935660.289748 1916225.97549 0
935660.405985 1916226.09664 0
935660.513524 1916226.24004 0
935660.611853 1916226.33914 0
935660.728176 1916226.47139 0
935660.817805 1916226.59274 0
935660.933958 1916226.7028 0
935661.067935 1916226.82381 0
935661.175303 1916226.94503 0
935661.300325 1916227.05502 0
935661.425518 1916227.1872 0
935661.54167 1916227.29726 0
935661.675647 1916227.41827 0
935661.800669 1916227.52826 0
935661.943515 1916227.64921 0
935662.077407 1916227.75913 0
935662.211299 1916227.86905 0
935662.354145 1916227.98999 0
935662.496906 1916228.09985 0
935662.648452 1916228.19854 0
935662.791298 1916228.31948 0
935662.933889 1916228.40715 0
935663.085434 1916228.50584 0
935663.22811 1916228.6046 0
935663.379486 1916228.6811 0
935663.531116 1916228.79089 0
935663.673622 1916228.86746 0
935663.833952 1916228.95499 0
935663.985413 1916229.04258 0
935664.145743 1916229.13011 0
935664.288164 1916229.19559 0
935664.457363 1916229.28305 0
935664.617523 1916229.34839 0
935664.768813 1916229.4138 0
935664.928973 1916229.47914 0
935665.097918 1916229.53332 0
935665.258078 1916229.59866 0
935665.418153 1916229.65291 0
935665.587267 1916229.72927 0
935665.729688 1916229.79475 0
935665.889678 1916229.8379 0
935666.058622 1916229.89208 0
935666.236351 1916229.9351 0
935666.413995 1916229.96702 0
935666.574239 1916230.04346 0
935666.760668 1916230.06422 0
935666.938311 1916230.09614 0
935667.098301 1916230.13929 0
935667.27586 1916230.16012 0
935667.43585 1916230.20328 0
935667.631147 1916230.22397 0
935667.799837 1916230.24487 0
935667.986435 1916230.28781 0
935668.163994 1916230.30864 0
935668.350507 1916230.3405 0
935668.528066 1916230.36133 0
935668.705709 1916230.39325 0
935668.883268 1916230.41408 0
935669.087435 1916230.4347 0
935669.256209 1916230.46669 0
935669.451422 1916230.47629 0
935669.637935 1916230.50815 0
935669.815409 1916230.51788 0
935670.010706 1916230.53858 0
935670.179396 1916230.55947 0
935670.374608 1916230.56907 0
935670.543298 1916230.58997 0
935670.74738 1916230.5995 0
935670.915984 1916230.6093 0
935671.111196 1916230.6189 0
935671.288585 1916230.61754 0
935671.474843 1916230.61612 0
935671.643363 1916230.61483 0
935671.83849 1916230.61333 0
935672.024663 1916230.60081 0
935672.219876 1916230.61041 0
935672.397265 1916230.60905 0
935672.610046 1916230.59633 0
935672.78752 1916230.60606 0
935672.991432 1916230.5934 0
935673.168821 1916230.59204 0
935673.372818 1916230.59048 0
935673.567945 1916230.58899 0
935673.736465 1916230.5877 0
935673.949416 1916230.59716 0
935674.117935 1916230.59587 0
935674.322017 1916230.6054 0
935674.508276 1916230.60397 0
935674.712358 1916230.6135 0
935674.880877 1916230.61221 0
935675.093743 1916230.61058 0
935675.271047 1916230.59813 0
935675.475214 1916230.61875 0
935675.661387 1916230.60623 0
935675.856515 1916230.60474 0
935676.051727 1916230.61434 0
935676.237986 1916230.61291 0
935676.442068 1916230.62244 0
935676.619371 1916230.60999 0
935676.823453 1916230.61952 0
935676.991973 1916230.61823 0
935677.195885 1916230.60557 0
935677.373273 1916230.60421 0
935677.568401 1916230.60272 0
935677.754659 1916230.60129 0
935677.940917 1916230.59986 0
935678.127176 1916230.59844 0
935678.313434 1916230.59701 0
935678.499777 1916230.60668 0
935678.677166 1916230.60532 0
935678.863509 1916230.61499 0
935679.031943 1916230.6026 0
935679.218286 1916230.61227 0
935679.395675 1916230.61091 0
935679.573149 1916230.62064 0
935679.768276 1916230.61915 0
935679.927926 1916230.61793 0
935680.123139 1916230.62753 0
935680.291573 1916230.61514 0
935680.468962 1916230.61378 0
935680.637481 1916230.61249 0
935680.823824 1916230.62216 0
935681.001213 1916230.6208 0
935681.187556 1916230.63047 0
935681.373814 1916230.62904 0
935681.542333 1916230.62775 0
935681.737461 1916230.62625 0
935681.90598 1916230.62496 0
935682.083454 1916230.6347 0
935682.251973 1916230.63341 0
935682.429277 1916230.62096 0
935682.606751 1916230.63069 0
935682.77527 1916230.6294 0
935682.952574 1916230.61695 0
935683.121093 1916230.61566 0
935683.289527 1916230.60327 0
935683.458047 1916230.60198 0
935683.617611 1916230.58966 0
935683.777261 1916230.58844 0
935683.936911 1916230.58722 0
935684.11413 1916230.56367 0
935684.264995 1916230.57361 0
935684.433515 1916230.57232 0
935684.610818 1916230.55987 0
935684.752814 1916230.56987 0
935684.921249 1916230.55749 0
935685.080813 1916230.54517 0
935685.258032 1916230.52162 0
935685.417597 1916230.50931 0
935685.577162 1916230.49699 0
935685.76325 1916230.47338 0
935685.922815 1916230.46106 0
935686.091079 1916230.42649 0
935686.268383 1916230.41403 0
935686.427863 1916230.39062 0
935686.605082 1916230.36708 0
935686.773431 1916230.3436 0
935686.94178 1916230.32012 0
935687.110045 1916230.28555 0
935687.295963 1916230.23974 0
935687.464227 1916230.20517 0
935687.632492 1916230.1706 0
935687.791717 1916230.1139 0
935687.959896 1916230.06824 0
935688.119206 1916230.02264 0
935688.278431 1916229.96595 0
935688.428787 1916229.90932 0
935688.587927 1916229.84153 0
935688.738282 1916229.78491 0
935688.879684 1916229.71726 0
935689.01213 1916229.63858 0
935689.153446 1916229.55983 0
935689.277024 1916229.48123 0
935689.41834 1916229.40248 0
935689.532963 1916229.31285 0
935689.656455 1916229.22314 0
935689.779948 1916229.13344 0
935689.894485 1916229.03271 0
935690.017893 1916228.93191 0
935690.1413 1916228.83111 0
935690.264538 1916228.70813 0
935690.378906 1916228.58521 0
935690.484319 1916228.45127 0
935690.598772 1916228.33945 0
935690.704186 1916228.2055 0
935690.800815 1916228.08272 0
935690.897444 1916227.95994 0
935690.993988 1916227.82606 0
935691.072709 1916227.68123 0
935691.160299 1916227.53633 0
935691.230319 1916227.41375 0
935691.335563 1916227.25762 0
935691.405584 1916227.13504 0
935691.483964 1916226.94583 0
935691.5539 1916226.81216 0
935691.632451 1916226.64514 0
935691.702132 1916226.47818 0
935691.771898 1916226.32233 0
935691.841494 1916226.14428 0
935691.90239 1916225.98849 0
935691.963117 1916225.81051 0
935692.023928 1916225.64362 0
935692.093439 1916225.45448 0
935692.154166 1916225.2765 0
935692.214808 1916225.08742 0
935692.266495 1916224.88732 0
935692.327222 1916224.70934 0
935692.396648 1916224.50911 0
935692.430766 1916224.33133 0
935692.491323 1916224.13116 0
935692.54318 1916223.95325 0
935692.577128 1916223.75329 0
935692.620031 1916223.56435 0
935692.654064 1916223.37548 0
935692.687928 1916223.16442 0
935692.713091 1916222.97562 0
935692.74687 1916222.75347 0
935692.772119 1916222.57576 0
935692.788243 1916222.36484 0
935692.813492 1916222.18713 0
935692.838571 1916221.98723 0
935692.86365 1916221.78734 0
935692.897768 1916221.60956 0
935692.931547 1916221.38741 0
935692.974365 1916221.18738 0
935693.008228 1916220.97632 0
935693.050961 1916220.76519 0
935693.084909 1916220.56523 0
935693.118858 1916220.36527 0
935693.161505 1916220.14305 0
935693.186414 1916219.92096 0
935693.229232 1916219.72093 0
935693.236487 1916219.51007 0
935693.270436 1916219.31011 0
935693.29543 1916219.09912 0
935693.320509 1916218.89922 0
935693.336548 1916218.67721 0
935693.344058 1916218.49964 0
935693.377922 1916218.28858 0
935693.385262 1916218.08882 0
935693.392517 1916217.87796 0
935693.399857 1916217.6782 0
935693.398243 1916217.46742 0
935693.423237 1916217.25643 0
935693.421622 1916217.04564 0
935693.437747 1916216.83472 0
935693.444917 1916216.61277 0
935693.461126 1916216.41294 0
935693.494735 1916216.1686 0
935693.50199 1916215.95775 0
935693.535768 1916215.73559 0
935693.560677 1916215.51351 0
935693.585586 1916215.29143 0
935693.61945 1916215.08037 0
935693.644444 1916214.86938 0
935693.669353 1916214.64729 0
935693.694347 1916214.4363 0
935693.719426 1916214.23641 0
935693.744505 1916214.03651 0
935693.769499 1916213.82552 0
935693.776924 1916213.63685 0
935693.801833 1916213.41477 0
935693.818128 1916213.22604 0
935693.834337 1916213.02621 0
935693.841677 1916212.82645 0
935693.849102 1916212.63778 0
935693.865312 1916212.43795 0
935693.881606 1916212.24922 0
935693.879907 1916212.02734 0
935693.896201 1916211.8386 0
935693.912241 1916211.61659 0
935693.910797 1916211.42799 0
935693.935706 1916211.20591 0
935693.934261 1916211.01731 0
935693.95917 1916210.79522 0
935693.96651 1916210.59546 0
935693.97385 1916210.3957 0
935693.99006 1916210.19587 0
935693.9974 1916209.99611 0
935694.004655 1916209.78526 0
935694.003126 1916209.58557 0
935694.001596 1916209.38588 0
935694.000067 1916209.18618 0
935694.007407 1916208.98642 0
935693.997093 1916208.79789 0
935693.995564 1916208.5982 0
935694.002819 1916208.38735 0
935693.992505 1916208.19881 0
935693.99976 1916207.98796 0
935693.998231 1916207.78827 0
935694.005571 1916207.58851 0
935694.02178 1916207.38868 0
935694.020251 1916207.18899 0
935694.036461 1916206.98916 0
935694.043716 1916206.7783 0
935694.051056 1916206.57854 0
935694.058481 1916206.38988 0
935694.07469 1916206.19005 0
935694.08203 1916205.99029 0
935694.098325 1916205.80156 0
935694.114535 1916205.60173 0
935694.12196 1916205.41306 0
935694.138169 1916205.21323 0
935694.145594 1916205.02457 0
935694.153019 1916204.8359 0
935694.160444 1916204.64723 0
935694.176654 1916204.44741 0
935694.184164 1916204.26983 0
935694.191504 1916204.07007 0
935694.198929 1916203.88141 0
935694.206269 1916203.68165 0
935694.213694 1916203.49298 0
935694.212165 1916203.29329 0
935694.219505 1916203.09353 0
935694.22693 1916202.90486 0
935694.225401 1916202.70517 0
935694.232826 1916202.5165 0
935694.240166 1916202.31674 0
935694.238721 1916202.12814 0
935694.254846 1916201.91722 0
935694.253487 1916201.73972 0
935694.251872 1916201.52893 0
935694.259297 1916201.34027 0
935694.257768 1916201.14057 0
935694.265193 1916200.95191 0
935694.263579 1916200.74112 0
935694.271004 1916200.55245 0
935694.269389 1916200.34167 0
935694.267945 1916200.15307 0
935694.275285 1916199.95331 0
935694.273841 1916199.76471 0
935694.281181 1916199.56495 0
935694.270782 1916199.36533 0
935694.278292 1916199.18775 0
935694.276678 1916198.97697 0
935694.275318 1916198.79946 0
935694.282488 1916198.57751 0
935694.281214 1916198.4111 0
935694.288469 1916198.20025 0
935694.28711 1916198.02275 0
935694.294365 1916197.81189 0
935694.310829 1916197.64535 0
935694.318084 1916197.43449 0
935694.334379 1916197.24576 0
935694.341804 1916197.05709 0
935694.358099 1916196.86836 0
935694.365439 1916196.6686 0
935694.381733 1916196.47986 0
935694.389158 1916196.2912 0
935694.405283 1916196.08027 0
935694.412793 1916195.9027 0
935694.419963 1916195.68075 0
935694.427473 1916195.50318 0
935694.443598 1916195.29226 0
935694.442153 1916195.10366 0
935694.449409 1916194.89281 0
935694.456834 1916194.70414 0
935694.455304 1916194.50445 0
935694.453775 1916194.30475 0
935694.452161 1916194.09397 0
935694.459501 1916193.89421 0
935694.457886 1916193.68342 0
935694.456187 1916193.46154 0
935694.454658 1916193.26185 0
935694.452958 1916193.03997 0
935694.460214 1916192.82911 0
935694.458684 1916192.62942 0
935694.465854 1916192.40747 0
935694.46424 1916192.19669 0
935694.471495 1916191.98583 0
935694.469881 1916191.77505 0
935694.468267 1916191.56426 0
935694.475522 1916191.35341 0
935694.473907 1916191.14262 0
935694.481248 1916190.94286 0
935694.479633 1916190.73207 0
935694.478019 1916190.52129 0
935694.485274 1916190.31043 0
935694.483745 1916190.11074 0
935694.491085 1916189.91098 0
935694.498255 1916189.68903 0
935694.496726 1916189.48934 0
935694.503896 1916189.26739 0
935694.502366 1916189.0677 0
935694.500752 1916188.85691 0
935694.508092 1916188.65715 0
935694.506393 1916188.43527 0
935694.513818 1916188.2466 0
935694.512119 1916188.02472 0
935694.510589 1916187.82503 0
935694.517845 1916187.61418 0
935694.516315 1916187.41449 0
935694.523655 1916187.21473 0
935694.522041 1916187.00394 0
935694.529381 1916186.80418 0
935694.527767 1916186.59339 0
935694.535107 1916186.39363 0
935694.533578 1916186.19394 0
935694.540833 1916185.98309 0
935694.539303 1916185.78339 0
935694.546559 1916185.57254 0
935694.545114 1916185.38394 0
935694.5435 1916185.17315 0
935694.550925 1916184.98449 0
935694.549311 1916184.7737 0
935694.556651 1916184.57394 0
935694.555122 1916184.37425 0
935694.562462 1916184.17449 0
935694.569887 1916183.98582 0
935694.568357 1916183.78613 0
935694.566913 1916183.59753 0
935694.574253 1916183.39777 0
935694.572809 1916183.20917 0
935694.580149 1916183.00941 0
935694.578704 1916182.82081 0
935694.586045 1916182.62105 0
935694.584685 1916182.44355 0
935694.592025 1916182.24379 0
935694.590581 1916182.05519 0
935694.598091 1916181.87762 0
935694.596647 1916181.68902 0
935694.595287 1916181.51152 0
935694.602797 1916181.33394 0
935694.601438 1916181.15644 0
935694.599993 1916180.96784 0
935694.598719 1916180.80143 0
935694.597275 1916180.61283 0
935694.596 1916180.44642 0
935694.594556 1916180.25782 0
935694.593196 1916180.08032 0
935694.591667 1916179.88063 0
935694.590223 1916179.69203 0
935694.588778 1916179.50343 0
935694.587334 1916179.31483 0
935694.585889 1916179.12623 0
935694.59323 1916178.92647 0
935694.591785 1916178.73788 0
935694.599125 1916178.53811 0
935694.597766 1916178.36061 0
935694.605106 1916178.16085 0
935694.612531 1916177.97218 0
935694.610917 1916177.7614 0
935694.618342 1916177.57273 0
935694.625597 1916177.36188 0
935694.624153 1916177.17328 0
935694.640277 1916176.96236 0
935694.629964 1916176.77383 0
935694.628264 1916176.55195 0
935694.635689 1916176.36328 0
935694.63416 1916176.16359 0
935694.632631 1916175.96389 0
935694.64884 1916175.76407 0
935694.647311 1916175.56437 0
935694.654566 1916175.35352 0
935694.670776 1916175.15369 0
935694.678031 1916174.94284 0
935694.676502 1916174.74315 0
935694.683757 1916174.53229 0
935694.691097 1916174.33253 0
935694.698522 1916174.14386 0
935694.714647 1916173.93294 0
935694.721987 1916173.73318 0
935694.729412 1916173.54452 0
935694.736667 1916173.33366 0
935694.735308 1916173.15616 0
935694.751518 1916172.95633 0
935694.758858 1916172.75657 0
935694.766113 1916172.54571 0
935694.773538 1916172.35705 0
935694.780878 1916172.15729 0
935694.797003 1916171.94637 0
935694.804428 1916171.7577 0
935694.811683 1916171.54684 0
935694.819108 1916171.35818 0
935694.826448 1916171.15842 0
935694.833874 1916170.96975 0
935694.841214 1916170.76999 0
935694.848469 1916170.55914 0
935694.84711 1916170.38163 0
935694.85445 1916170.18187 0
935694.86179 1916169.98211 0
935694.860261 1916169.78242 0
935694.867516 1916169.57157 0
935694.865901 1916169.36078 0
935694.873072 1916169.13883 0
935694.871457 1916168.92804 0
935694.869673 1916168.69507 0
935694.876928 1916168.48422 0
935694.875144 1916168.25124 0
935694.87353 1916168.04046 0
935694.871746 1916167.80748 0
935694.879001 1916167.59663 0
935694.877302 1916167.37475 0
935694.875517 1916167.14177 0
935694.873988 1916166.94208 0
935694.872119 1916166.69801 0
935694.861635 1916166.48729 0
935694.868805 1916166.26534 0
935694.867106 1916166.04346 0
935694.865492 1916165.83268 0
935694.855008 1916165.62196 0
935694.853309 1916165.40008 0
935694.869433 1916165.18916 0
935694.858865 1916164.96734 0
935694.85725 1916164.75656 0
935694.855551 1916164.53468 0
935694.862806 1916164.32382 0
935694.870061 1916164.11297 0
935694.886101 1916163.89095 0
935694.893271 1916163.669 0
935694.918096 1916163.43583 0
935694.925266 1916163.21388 0
935694.941221 1916162.98077 0
935694.95726 1916162.75875 0
935694.982085 1916162.52557 0
935694.989255 1916162.30362 0
935695.00521 1916162.07051 0
935695.012465 1916161.85966 0
935695.02842 1916161.62655 0
935695.035675 1916161.4157 0
935695.04276 1916161.18265 0
935695.050016 1916160.9718 0
935695.057186 1916160.74985 0
935695.064271 1916160.51681 0
935695.071441 1916160.29486 0
935695.078527 1916160.06182 0
935695.085697 1916159.83987 0
935695.083913 1916159.6069 0
935695.090998 1916159.37385 0
935695.098083 1916159.14081 0
935695.105084 1916158.89667 0
935695.103384 1916158.67479 0
935695.110385 1916158.43066 0
935695.108685 1916158.20878 0
935695.115771 1916157.97573 0
935695.105202 1916157.75392 0
935695.112287 1916157.52088 0
935695.101634 1916157.28797 0
935695.100019 1916157.07719 0
935695.098235 1916156.84421 0
935695.087751 1916156.63349 0
935695.086052 1916156.41161 0
935695.075568 1916156.2009 0
935695.073869 1916155.97902 0
935695.07217 1916155.75713 0
935695.07047 1916155.53525 0
935695.059902 1916155.31344 0
935695.058117 1916155.08047 0
935695.056333 1916154.84749 0
935695.045765 1916154.62568 0
935695.04398 1916154.39271 0
935695.033412 1916154.17089 0
935695.031627 1916153.93792 0
935695.021059 1916153.71611 0
935695.01032 1916153.47211 0
935695.008706 1916153.26132 0
935694.998052 1916153.02841 0
935694.996353 1916152.80653 0
935694.994653 1916152.58465 0
935694.992954 1916152.36277 0
935695.009079 1916152.15185 0
935695.016249 1916151.9299 0
935695.032459 1916151.73007 0
935695.048584 1916151.51915 0
935695.064793 1916151.31932 0
935695.080918 1916151.1084 0
935695.097128 1916150.90857 0
935695.104383 1916150.69772 0
935695.120678 1916150.50898 0
935695.127848 1916150.28704 0
935695.144143 1916150.0983 0
935695.151398 1916149.88745 0
935695.167608 1916149.68762 0
935695.174863 1916149.47677 0
935695.182118 1916149.26591 0
935695.198243 1916149.05499 0
935695.205583 1916148.85523 0
935695.221708 1916148.64431 0
935695.229133 1916148.45564 0
935695.236473 1916148.25588 0
935695.234944 1916148.05619 0
935695.242199 1916147.84533 0
935695.240755 1916147.65673 0
935695.239225 1916147.45704 0
935695.237696 1916147.25735 0
935695.227212 1916147.04663 0
935695.225683 1916146.84694 0
935695.224069 1916146.63615 0
935695.213585 1916146.42543 0
935695.203101 1916146.21472 0
935695.192617 1916146.004 0
935695.182049 1916145.78219 0
935695.171565 1916145.57147 0
935695.160996 1916145.34965 0
935695.150512 1916145.13894 0
935695.131159 1916144.92829 0
935695.120675 1916144.71757 0
935695.101322 1916144.50692 0
935695.090923 1916144.30729 0
935695.080354 1916144.08548 0
935695.061086 1916143.88592 0
935695.050602 1916143.6752 0
935695.031334 1916143.47565 0
935695.02085 1916143.26493 0
935695.01932 1916143.06524 0
935695.017706 1916142.85445 0
935695.016262 1916142.66585 0
935695.014647 1916142.45507 0
935695.021988 1916142.25531 0
935695.038197 1916142.05548 0
935695.045538 1916141.85572 0
935695.052878 1916141.65596 0
935695.069173 1916141.46722 0
935695.085382 1916141.26739 0
935695.092807 1916141.07873 0
935695.100233 1916140.89006 0
935695.098873 1916140.71256 0
935695.124122 1916140.53485 0
935695.131633 1916140.35728 0
935695.148097 1916140.19073 0
935695.173346 1916140.01302 0
935695.181026 1916139.85764 0
935695.197491 1916139.69109 0
935695.205171 1916139.53571 0
935695.221806 1916139.39135 0
935695.229571 1916139.24706 0
935695.237336 1916139.10277 0
935695.245186 1916138.96957 0
935695.244166 1916138.83645 0
935695.252016 1916138.70325 0
935695.251082 1916138.58122 0
935695.250062 1916138.44809 0
935695.249128 1916138.32605 0
935695.239408 1916138.21518 0
935695.247428 1916138.10417 0
935695.246579 1916137.99323 0
935695.23686 1916137.88236 0
935695.22714 1916137.77149 0
935695.226291 1916137.66055 0
935695.216487 1916137.53858 0
935695.215637 1916137.42764 0
935695.205748 1916137.29458 0
935695.204728 1916137.16145 0
935695.194839 1916137.02839 0
935695.193905 1916136.90636 0
935695.192885 1916136.77323 0
935695.183081 1916136.65126 0
935695.181977 1916136.50704 0
935695.181042 1916136.38501 0
935695.180022 1916136.25188 0
935695.187872 1916136.11868 0
935695.186853 1916135.98556 0
935695.176794 1916135.83031 0
935695.184559 1916135.68602 0
935695.183369 1916135.5307 0
935695.182265 1916135.38648 0
935695.189945 1916135.23109 0
935695.179886 1916135.07585 0
935695.187481 1916134.90937 0
935695.186377 1916134.76515 0
935695.194057 1916134.60976 0
935695.192867 1916134.45444 0
935695.182978 1916134.32138 0
935695.190573 1916134.15491 0
935695.189469 1916134.01068 0
935695.188279 1916133.85537 0
935695.18726 1916133.72224 0
935695.185985 1916133.55583 0
935695.184711 1916133.38942 0
935695.183436 1916133.22301 0
935695.173123 1916133.03448 0
935695.162979 1916132.86814 0
935695.161534 1916132.67954 0
935695.15139 1916132.5132 0
935695.158731 1916132.31343 0
935695.148417 1916132.1249 0
935695.146887 1916131.92521 0
935695.145528 1916131.74771 0
935695.135214 1916131.55918 0
935695.124985 1916131.38174 0
935695.114671 1916131.19321 0
935695.104442 1916131.01577 0
935695.085344 1916130.83841 0
935695.0752 1916130.67206 0
935695.056271 1916130.51688 0
935695.046127 1916130.35054 0
935695.027199 1916130.19536 0
935695.01714 1916130.04011 0
935694.989427 1916129.89609 0
935694.979453 1916129.75194 0
935694.951739 1916129.60792 0
935694.932896 1916129.46383 0
935694.914137 1916129.33084 0
935694.886509 1916129.19792 0
935694.858881 1916129.06499 0
935694.831168 1916128.92097 0
935694.80354 1916128.78805 0
935694.767042 1916128.65519 0
935694.739329 1916128.51118 0
935694.702916 1916128.38941 0
935694.675288 1916128.25649 0
935694.630005 1916128.13479 0
935694.602377 1916128.00187 0
935694.55701 1916127.86908 0
935694.520512 1916127.73622 0
935694.484015 1916127.60337 0
935694.438562 1916127.45949 0
935694.393195 1916127.3267 0
935694.347743 1916127.18281 0
935694.302291 1916127.03893 0
935694.248054 1916126.90621 0
935694.202602 1916126.76233 0
935694.157234 1916126.62954 0
935694.102912 1916126.48572 0
935694.048846 1916126.37519 0
935693.994439 1916126.22028 0
935693.940287 1916126.09866 0
935693.88605 1916125.96594 0
935693.831728 1916125.82212 0
935693.759667 1916125.67844 0
935693.705431 1916125.54572 0
935693.633455 1916125.41314 0
935693.570178 1916125.2583 0
935693.507072 1916125.12564 0
935693.435011 1916124.98196 0
935693.371905 1916124.84931 0
935693.290974 1916124.7057 0
935693.218998 1916124.57312 0
935693.138153 1916124.4406 0
935693.066177 1916124.30801 0
935692.985246 1916124.1644 0
935692.904486 1916124.04298 0
935692.805816 1916123.89951 0
935692.725056 1916123.77808 0
935692.626386 1916123.63461 0
935692.536841 1916123.52435 0
935692.438341 1916123.40306 0
935692.348711 1916123.28171 0
935692.250296 1916123.17151 0
935692.151882 1916123.06132 0
935692.053552 1916122.96222 0
935691.955222 1916122.86312 0
935691.856892 1916122.76402 0
935691.740824 1916122.66506 0
935691.508686 1916122.46713 0
935691.383748 1916122.36824 0
935691.24994 1916122.26941 0
935691.116132 1916122.17058 0
935690.982324 1916122.07176 0
935690.830862 1916121.98416 0
935690.688184 1916121.8854 0
935690.527767 1916121.78678 0
935690.367351 1916121.68815 0
935690.215719 1916121.57837 0
935690.046348 1916121.46872 0
935689.8948 1916121.37003 0
935689.734384 1916121.2714 0
935689.582837 1916121.17271 0
935689.43129 1916121.07402 0
935689.288782 1916120.99745 0
935689.12845 1916120.90992 0
935688.985858 1916120.82225 0
935688.84335 1916120.74568 0
935688.691973 1916120.66918 0
935688.55842 1916120.60364 0
935688.407043 1916120.52713 0
935688.282359 1916120.46152 0
935688.140021 1916120.40714 0
935688.015423 1916120.35262 0
935687.881955 1916120.29817 0
935687.757356 1916120.24365 0
935687.641712 1916120.20015 0
935687.517198 1916120.15673 0
935687.401554 1916120.11324 0
935687.268086 1916120.05878 0
935687.161397 1916120.02632 0
935687.028013 1916119.98296 0
935686.9035 1916119.93954 0
935686.778986 1916119.89611 0
935686.663427 1916119.86371 0
935686.538913 1916119.82029 0
935686.414485 1916119.78796 0
935686.289971 1916119.74453 0
935686.147803 1916119.71234 0
935686.014335 1916119.65788 0
935685.872082 1916119.6146 0
935685.738784 1916119.58233 0
935685.596532 1916119.53904 0
935685.454279 1916119.49575 0
935685.320981 1916119.46349 0
935685.187682 1916119.43123 0
935685.054384 1916119.39897 0
935684.921086 1916119.3667 0
935684.787788 1916119.33444 0
935684.654489 1916119.30218 0
935684.512237 1916119.25889 0
935684.370069 1916119.22669 0
935684.219032 1916119.19457 0
935684.05904 1916119.15141 0
935683.908002 1916119.11928 0
935683.74801 1916119.07613 0
935683.588104 1916119.04407 0
935683.428282 1916119.02311 0
935683.268375 1916118.99105 0
935683.117337 1916118.95892 0
935682.95743 1916118.92686 0
935682.797609 1916118.9059 0
935682.646656 1916118.88486 0
935682.486834 1916118.8639 0
935682.327012 1916118.84293 0
935682.158321 1916118.82204 0
935681.98076 1916118.80121 0
935681.803114 1916118.76928 0
935681.616768 1916118.75962 0
935681.421468 1916118.73892 0
935681.243992 1916118.72919 0
935681.066516 1916118.71945 0
935680.888955 1916118.69862 0
935680.720348 1916118.68882 0
935680.542787 1916118.66799 0
935680.365311 1916118.65826 0
935680.196705 1916118.64845 0
935680.028013 1916118.62756 0
935679.850537 1916118.61782 0
935679.681846 1916118.59692 0
935679.50437 1916118.58719 0
935679.335763 1916118.57738 0
935679.149332 1916118.55662 0
935678.962987 1916118.54696 0
935678.776556 1916118.5262 0
935678.590211 1916118.51653 0
935678.403865 1916118.50686 0
935678.208565 1916118.48617 0
935678.022219 1916118.4765 0
935677.818134 1916118.46697 0
935677.631789 1916118.4573 0
935677.436574 1916118.4477 0
935677.250228 1916118.43804 0
935677.055098 1916118.43953 0
935676.868752 1916118.42986 0
935676.673622 1916118.43136 0
935676.469707 1916118.44401 0
935676.274492 1916118.43442 0
935676.070492 1916118.43598 0
935675.857623 1916118.43761 0
935675.644669 1916118.42815 0
935675.431714 1916118.41868 0
935675.21876 1916118.40922 0
935675.014675 1916118.39969 0
935674.810675 1916118.40125 0
935674.615375 1916118.38056 0
935674.420245 1916118.38205 0
935674.224945 1916118.36136 0
935674.020945 1916118.36292 0
935673.834684 1916118.36435 0
935673.639469 1916118.35475 0
935673.444254 1916118.34515 0
935673.249209 1916118.35774 0
935673.062863 1916118.34807 0
935672.867648 1916118.33847 0
935672.672518 1916118.33997 0
935672.477303 1916118.33037 0
935672.282172 1916118.33186 0
935672.078088 1916118.32233 0
935671.874088 1916118.3239 0
935671.678958 1916118.32539 0
935671.465918 1916118.30483 0
935671.279658 1916118.30626 0
935671.057834 1916118.29686 0
935670.862534 1916118.27617 0
935670.649579 1916118.26671 0
935670.445495 1916118.25718 0
935670.241325 1916118.23655 0
935670.037155 1916118.21593 0
935669.83307 1916118.2064 0
935669.628986 1916118.19686 0
935669.442555 1916118.1761 0
935669.229601 1916118.16664 0
935669.060994 1916118.15684 0
935668.856909 1916118.14731 0
935668.688303 1916118.1375 0
935668.493088 1916118.1279 0
935668.34222 1916118.11797 0
935668.155874 1916118.1083 0
935667.996307 1916118.12062 0
935667.84544 1916118.11068 0
935667.676918 1916118.11197 0
935667.526136 1916118.11312 0
935667.366484 1916118.11435 0
935667.224571 1916118.11543 0
935667.073789 1916118.11659 0
935666.931876 1916118.11768 0
935666.781093 1916118.11883 0
935666.648135 1916118.13095 0
935666.488398 1916118.12107 0
935666.35544 1916118.13319 0
935666.186918 1916118.13448 0
935666.062744 1916118.13543 0
935665.903092 1916118.13665 0
935665.770049 1916118.13767 0
935665.628136 1916118.13876 0
935665.477269 1916118.12882 0
935665.326486 1916118.12998 0
935665.166834 1916118.1312 0
935664.989443 1916118.13256 0
935664.820837 1916118.12276 0
935664.634576 1916118.12418 0
935664.45727 1916118.13664 0
935664.288748 1916118.13793 0
935664.111357 1916118.13929 0
935663.95179 1916118.1516 0
935663.783269 1916118.1529 0
935663.632571 1916118.16514 0
935663.472919 1916118.16637 0
935663.322222 1916118.17862 0
935663.162655 1916118.19093 0
935663.003088 1916118.20325 0
935662.825782 1916118.21571 0
935662.65743 1916118.23918 0
935662.480039 1916118.24054 0
935662.302733 1916118.253 0
935662.143251 1916118.27641 0
935661.965945 1916118.28886 0
935661.806463 1916118.31227 0
935661.638026 1916118.32466 0
935661.487499 1916118.3591 0
935661.327932 1916118.37141 0
935661.17732 1916118.39476 0
935661.017923 1916118.42926 0
935660.893919 1916118.4524 0
935660.725567 1916118.47588 0
935660.57504 1916118.51032 0
935660.433467 1916118.55578 0
935660.28277 1916118.56803 0
935660.158851 1916118.60226 0
935659.990924 1916118.68121 0
935659.857966 1916118.69333 0
935659.716223 1916118.7166 0
935659.58352 1916118.762 0
935659.433248 1916118.82972 0
935659.309244 1916118.85286 0
935659.141232 1916118.92071 0
935659.026523 1916118.99925 0
935658.867296 1916119.05595 0
935658.734848 1916119.13463 0
935658.575791 1916119.21351 0
935658.443343 1916119.29218 0
935658.30194 1916119.35984 0
935658.151583 1916119.41646 0
935657.992611 1916119.50644 0
935657.868862 1916119.56286 0
935657.70989 1916119.65283 0
935657.577442 1916119.73151 0
935657.436124 1916119.81026 0
935657.294807 1916119.889 0
935657.162528 1916119.98987 0
935657.012511 1916120.09087 0
935656.880148 1916120.18064 0
935656.721346 1916120.29281 0
935656.580368 1916120.41593 0
935656.439476 1916120.55014 0
935656.289798 1916120.69552 0
935656.1582 1916120.88514 0
935656.017393 1916121.03045 0
935655.894664 1916121.22 0
935655.78055 1916121.3762 0
935655.69313 1916121.54329 0
935655.614664 1916121.7214 0
935655.536028 1916121.87733 0
935655.466432 1916122.05538 0
935655.40562 1916122.22227 0
935655.336024 1916122.40031 0
935655.301906 1916122.57809 0
935655.249879 1916122.73381 0
935655.215846 1916122.92268 0
935655.199212 1916123.06704 0
935655.14744 1916123.25605 0
935655.139761 1916123.41143 0
935655.123382 1916123.58907 0
935655.106918 1916123.75562 0
935655.099239 1916123.911 0
935655.08286 1916124.08864 0
935655.084135 1916124.25505 0
935655.076626 1916124.43263 0
935655.077986 1916124.61013 0
935655.079261 1916124.77654 0
935655.071752 1916124.95411 0
935655.073112 1916125.13162 0
935655.083257 1916125.29796 0
935655.093402 1916125.4643 0
935655.13024 1916125.64153 0
935655.122476 1916125.78582 0
935655.132706 1916125.96326 0
935655.178159 1916126.10714 0
935655.179519 1916126.28465 0
935655.216017 1916126.4175 0
935655.235116 1916126.59487 0
935655.254046 1916126.75005 0
935655.299584 1916126.90503 0
935655.327468 1916127.07124 0
935655.364221 1916127.23737 0
935655.400974 1916127.40351 0
935655.420159 1916127.59197 0
935655.456912 1916127.75811 0
935655.493835 1916127.94644 0
935655.521804 1916128.12374 0
935655.540904 1916128.30111 0
935655.568872 1916128.47841 0
935655.579102 1916128.65585 0
935655.598202 1916128.83321 0
935655.617301 1916129.01058 0
935655.618661 1916129.18809 0
935655.620106 1916129.37668 0
935655.621722 1916129.58747 0
935655.631866 1916129.75381 0
935655.633482 1916129.9646 0
935655.643626 1916130.13094 0
935655.654111 1916130.34166 0
935655.67321 1916130.51903 0
935655.68361 1916130.71865 0
935655.70271 1916130.89602 0
935655.721809 1916131.07339 0
935655.740908 1916131.25076 0
935655.760007 1916131.42813 0
935655.779107 1916131.60549 0
935655.806821 1916131.74951 0
935655.82609 1916131.94907 0
935655.844934 1916132.09316 0
935655.872903 1916132.27046 0
935655.891747 1916132.41454 0
935655.910677 1916132.56972 0
935655.929691 1916132.736 0
935655.95749 1916132.89111 0
935655.985288 1916133.04622 0
935655.995433 1916133.21256 0
935656.032017 1916133.35651 0
935656.042161 1916133.52286 0
935656.052221 1916133.67811 0
935656.08002 1916133.83322 0
935656.08121 1916133.98853 0
935656.100224 1916134.15481 0
935656.118984 1916134.2878 0
935656.138338 1916134.49845 0
935656.148143 1916134.62042 0
935656.176196 1916134.80881 0
935656.186171 1916134.95297 0
935656.205185 1916135.11924 0
935656.2242 1916135.28551 0
935656.234259 1916135.44076 0
935656.262228 1916135.61806 0
935656.272458 1916135.7955 0
935656.291557 1916135.97287 0
935656.310656 1916136.15024 0
935656.329841 1916136.3387 0
935656.340156 1916136.52723 0
935656.35934 1916136.71569 0
935656.378694 1916136.92634 0
935656.397878 1916137.1148 0
935656.426102 1916137.32539 0
935656.445117 1916137.49166 0
935656.464471 1916137.70231 0
935656.49244 1916137.87961 0
935656.511624 1916138.06807 0
935656.548632 1916138.26749 0
935656.594255 1916138.43357 0
935656.622479 1916138.64415 0
935656.685756 1916138.79899 0
935656.740588 1916139.00937 0
935656.786211 1916139.17544 0
935656.849743 1916139.36356 0
935656.904406 1916139.55175 0
935656.976807 1916139.7398 0
935657.031555 1916139.93909 0
935657.086217 1916140.12728 0
935657.149919 1916140.33759 0
935657.213451 1916140.52571 0
935657.268198 1916140.725 0
935657.349469 1916140.91298 0
935657.404302 1916141.12336 0
935657.485403 1916141.28916 0
935657.54015 1916141.48845 0
935657.585943 1916141.6767 0
935657.64939 1916141.85373 0
935657.695268 1916142.05309 0
935657.732106 1916142.23032 0
935657.777814 1916142.40748 0
935657.814652 1916142.58472 0
935657.86036 1916142.76188 0
935657.897113 1916142.92802 0
935657.942906 1916143.11628 0
935657.997483 1916143.29337 0
935658.043191 1916143.47054 0
935658.088814 1916143.63661 0
935658.143476 1916143.8248 0
935658.189099 1916143.99087 0
935658.243676 1916144.16797 0
935658.289299 1916144.33404 0
935658.361616 1916144.511 0
935658.416193 1916144.68809 0
935658.47077 1916144.86519 0
935658.525263 1916145.03119 0
935658.57984 1916145.20829 0
935658.625548 1916145.38545 0
935658.68891 1916145.55139 0
935658.725748 1916145.72862 0
935658.771371 1916145.89469 0
935658.808124 1916146.06083 0
935658.853917 1916146.24909 0
935658.899624 1916146.42625 0
935658.945332 1916146.60342 0
935658.973301 1916146.78072 0
935659.019009 1916146.95788 0
935659.055762 1916147.12402 0
935659.101385 1916147.29009 0
935659.138223 1916147.46732 0
935659.174976 1916147.63346 0
935659.202945 1916147.81076 0
935659.239613 1916147.96581 0
935659.267497 1916148.13201 0
935659.286511 1916148.29829 0
935659.305525 1916148.46456 0
935659.31567 1916148.6309 0
935659.343469 1916148.78602 0
935659.353698 1916148.96345 0
935659.363843 1916149.12979 0
935659.382942 1916149.30716 0
935659.393087 1916149.47351 0
935659.412101 1916149.63978 0
935659.4312 1916149.81715 0
935659.441345 1916149.98349 0
935659.460444 1916150.16086 0
935659.479373 1916150.31604 0
935659.489603 1916150.49348 0
935659.508447 1916150.63756 0
935659.518677 1916150.815 0
935659.537776 1916150.99237 0
935659.548006 1916151.1698 0
935659.55832 1916151.35833 0
935659.56855 1916151.53577 0
935659.587819 1916151.73533 0
935659.598049 1916151.91276 0
935659.608364 1916152.10129 0
935659.627463 1916152.27866 0
935659.637777 1916152.46719 0
935659.656877 1916152.64456 0
935659.667191 1916152.83309 0
935659.677336 1916152.99943 0
935659.687566 1916153.17687 0
935659.688926 1916153.35437 0
935659.708025 1916153.53174 0
935659.700601 1916153.72041 0
935659.71083 1916153.89784 0
935659.721145 1916154.08637 0
935659.722505 1916154.26388 0
935659.72395 1916154.45248 0
935659.725395 1916154.64108 0
935659.726756 1916154.81858 0
935659.73707 1916155.00711 0
935659.73843 1916155.18461 0
935659.739876 1916155.37321 0
935659.75019 1916155.56174 0
935659.742766 1916155.75041 0
935659.744126 1916155.92791 0
935659.754441 1916156.11644 0
935659.746931 1916156.29402 0
935659.748461 1916156.49371 0
935659.741037 1916156.68237 0
935659.742482 1916156.87097 0
935659.735313 1916157.09292 0
935659.736758 1916157.28152 0
935659.729419 1916157.48128 0
935659.721994 1916157.66995 0
935659.723525 1916157.86964 0
935659.725055 1916158.06933 0
935659.717715 1916158.26909 0
935659.719331 1916158.47988 0
935659.720861 1916158.67957 0
935659.722561 1916158.90145 0
935659.732876 1916159.08998 0
935659.725621 1916159.30084 0
935659.727236 1916159.51162 0
935659.728937 1916159.7335 0
935659.721767 1916159.95545 0
935659.723382 1916160.16624 0
935659.716298 1916160.39928 0
935659.708874 1916160.58795 0
935659.70179 1916160.82099 0
935659.69445 1916161.02075 0
935659.69615 1916161.24263 0
935659.688981 1916161.46458 0
935659.681727 1916161.67543 0
935659.674472 1916161.88629 0
935659.676173 1916162.10817 0
935659.669003 1916162.33011 0
935659.661749 1916162.54097 0
935659.663364 1916162.75175 0
935659.665064 1916162.97364 0
935659.675549 1916163.18435 0
935659.677334 1916163.41733 0
935659.687904 1916163.63914 0
935659.680735 1916163.86109 0
935659.691304 1916164.0829 0
935659.684135 1916164.30485 0
935659.68592 1916164.53782 0
935659.68762 1916164.7597 0
935659.680451 1916164.98165 0
935659.682236 1916165.21463 0
935659.675152 1916165.44767 0
935659.676937 1916165.68064 0
935659.660898 1916165.90266 0
935659.653899 1916166.1468 0
935659.655684 1916166.37977 0
935659.6486 1916166.61281 0
935659.65047 1916166.85688 0
935659.634516 1916167.08999 0
935659.636131 1916167.30078 0
935659.620263 1916167.54498 0
935659.630832 1916167.7668 0
935659.623663 1916167.98874 0
935659.616494 1916168.21069 0
935659.618024 1916168.41038 0
935659.60207 1916168.64349 0
935659.603515 1916168.83209 0
935659.596346 1916169.05404 0
935659.589007 1916169.2538 0
935659.590537 1916169.45349 0
935659.574243 1916169.64223 0
935659.575773 1916169.84192 0
935659.577218 1916170.03052 0
935659.569709 1916170.20809 0
935659.580109 1916170.40772 0
935659.554775 1916170.57433 0
935659.56509 1916170.76286 0
935659.57515 1916170.91811 0
935659.56764 1916171.09568 0
935659.577785 1916171.26202 0
935659.588015 1916171.43946 0
935659.589205 1916171.59478 0
935659.599349 1916171.76112 0
935659.59167 1916171.9165 0
935659.601645 1916172.06066 0
935659.593965 1916172.21604 0
935659.60394 1916172.3602 0
935659.596176 1916172.50449 0
935659.588326 1916172.63768 0
935659.589601 1916172.80409 0
935659.581752 1916172.93729 0
935659.582857 1916173.08151 0
935659.575093 1916173.2258 0
935659.576113 1916173.35893 0
935659.586172 1916173.51418 0
935659.578408 1916173.65847 0
935659.579428 1916173.7916 0
935659.580703 1916173.95801 0
935659.581808 1916174.10223 0
935659.574129 1916174.25761 0
935659.56645 1916174.413 0
935659.576594 1916174.57934 0
935659.57787 1916174.74575 0
935659.579145 1916174.91216 0
935659.589289 1916175.0785 0
935659.590565 1916175.24491 0
935659.591755 1916175.40023 0
935659.584075 1916175.55561 0
935659.58535 1916175.72202 0
935659.59541 1916175.87727 0
935659.587816 1916176.04375 0
935659.589091 1916176.21016 0
935659.590196 1916176.35438 0
935659.582602 1916176.52086 0
935659.574922 1916176.67624 0
935659.567158 1916176.82053 0
935659.568433 1916176.98695 0
935659.560669 1916177.13124 0
935659.553074 1916177.29771 0
935659.546415 1916177.58623 0
935659.547605 1916177.74154 0
935659.54871 1916177.88576 0
935659.541031 1916178.04115 0
935659.524482 1916178.1966 0
935659.525757 1916178.36301 0
935659.518163 1916178.52949 0
935659.510654 1916178.70706 0
935659.512014 1916178.88457 0
935659.50459 1916179.07323 0
935659.496995 1916179.23971 0
935659.49844 1916179.42831 0
935659.499886 1916179.61691 0
935659.492546 1916179.81667 0
935659.485377 1916180.03862 0
935659.477953 1916180.22728 0
935659.470698 1916180.43814 0
935659.481183 1916180.64886 0
935659.45602 1916180.83766 0
935659.457465 1916181.02626 0
935659.450211 1916181.23711 0
935659.442701 1916181.41468 0
935659.435532 1916181.63663 0
935659.428023 1916181.8142 0
935659.420853 1916182.03615 0
935659.404475 1916182.21379 0
935659.39722 1916182.42465 0
935659.389796 1916182.61331 0
935659.373757 1916182.83533 0
935659.348679 1916183.03522 0
935659.350294 1916183.24601 0
935659.334085 1916183.44584 0
935659.326746 1916183.6456 0
935659.310537 1916183.84543 0
935659.303113 1916184.03409 0
935659.295689 1916184.22276 0
935659.279565 1916184.43368 0
935659.28101 1916184.62228 0
935659.273671 1916184.82204 0
935659.266587 1916185.05508 0
935659.268117 1916185.25478 0
935659.278686 1916185.47659 0
935659.271432 1916185.68744 0
935659.282087 1916185.92035 0
935659.283702 1916186.13114 0
935659.294357 1916186.36404 0
935659.304927 1916186.58586 0
935659.306712 1916186.81883 0
935659.317451 1916187.06283 0
935659.310282 1916187.28478 0
935659.303113 1916187.50673 0
935659.295944 1916187.72868 0
935659.279735 1916187.9285 0
935659.263696 1916188.15052 0
935659.247572 1916188.36144 0
935659.213625 1916188.56141 0
935659.197501 1916188.77233 0
935659.172593 1916188.99441 0
935659.13856 1916189.18328 0
935659.113482 1916189.38318 0
935659.070579 1916189.57212 0
935659.036547 1916189.76099 0
935659.002514 1916189.94986 0
935658.950657 1916190.12777 0
935658.890016 1916190.31684 0
935658.855898 1916190.49462 0
935658.795342 1916190.69479 0
935658.743486 1916190.8727 0
935658.67406 1916191.07294 0
935658.613334 1916191.25092 0
935658.543823 1916191.44006 0
935658.491711 1916191.58469 0
935658.422116 1916191.76274 0
935658.36139 1916191.94072 0
935658.300408 1916192.08541 0
935658.230813 1916192.26346 0
935658.178616 1916192.397 0
935658.099981 1916192.55293 0
935658.047869 1916192.69756 0
935657.995673 1916192.83109 0
935657.925822 1916192.97586 0
935657.891449 1916193.12035 0
935657.830298 1916193.24286 0
935657.778186 1916193.38749 0
935657.734689 1916193.49877 0
935657.691277 1916193.62115 0
935657.638825 1916193.7214 0
935657.586628 1916193.85494 0
935657.560785 1916193.95499 0
935657.517203 1916194.05517 0
935657.473791 1916194.17755 0
935657.438908 1916194.25548 0
935657.395496 1916194.37785 0
935657.378352 1916194.45565 0
935657.325985 1916194.56699 0
935657.291102 1916194.64492 0
935657.265259 1916194.74497 0
935657.230546 1916194.84509 0
935657.204703 1916194.94514 0
935657.16999 1916195.04526 0
935657.135277 1916195.14538 0
935657.109434 1916195.24543 0
935657.074721 1916195.34555 0
935657.048963 1916195.45669 0
935657.023035 1916195.54565 0
935656.997191 1916195.6457 0
935656.971263 1916195.73465 0
935656.94542 1916195.8347 0
935656.919576 1916195.93475 0
935656.902603 1916196.03473 0
935656.876759 1916196.13478 0
935656.850916 1916196.23483 0
935656.816288 1916196.34605 0
935656.790615 1916196.46828 0
935656.773726 1916196.57936 0
935656.747968 1916196.69051 0
935656.72238 1916196.82384 0
935656.696621 1916196.93498 0
935656.679903 1916197.06825 0
935656.663099 1916197.19042 0
935656.637511 1916197.32375 0
935656.620622 1916197.43482 0
935656.612603 1916197.54583 0
935656.595799 1916197.668 0
935656.578825 1916197.76798 0
935656.570806 1916197.87899 0
935656.553832 1916197.97897 0
935656.545727 1916198.07889 0
935656.537623 1916198.1788 0
935656.520479 1916198.2566 0
935656.512375 1916198.35651 0
935656.504186 1916198.44533 0
935656.495911 1916198.52306 0
935656.478767 1916198.60085 0
935656.479363 1916198.67851 0
935656.471088 1916198.75624 0
935656.462729 1916198.82287 0
935656.454369 1916198.8895 0
935656.445925 1916198.94504 0
935656.446435 1916199.0116 0
935656.437991 1916199.06714 0
935656.429631 1916199.13377 0
935656.430056 1916199.18924 0
935656.421612 1916199.24478 0
935656.413253 1916199.31141 0
935656.404808 1916199.36695 0
935656.396364 1916199.42249 0
935656.387834 1916199.46693 0
935656.388174 1916199.51131 0
935656.379645 1916199.55575 0
935656.371116 1916199.6002 0
935656.362586 1916199.64464 0
935656.354057 1916199.68909 0
935656.354482 1916199.74456 0
935656.345952 1916199.789 0
935656.337508 1916199.84454 0
935656.337933 1916199.90001 0
935656.320704 1916199.96671 0
935656.31226 1916200.02225 0
935656.303901 1916200.08888 0
935656.286587 1916200.14448 0
935656.278312 1916200.22221 0
935656.260998 1916200.27782 0
935656.252639 1916200.34445 0
935656.23541 1916200.41115 0
935656.226966 1916200.46669 0
935656.209737 1916200.53339 0
935656.201293 1916200.58892 0
935656.192763 1916200.63337 0
935656.175534 1916200.70007 0
935656.175874 1916200.74444 0
935656.158561 1916200.80005 0
935656.150031 1916200.84449 0
935656.132632 1916200.88901 0
935656.124188 1916200.94454 0
935656.115658 1916200.98899 0
935656.098345 1916201.04459 0
935656.089815 1916201.08904 0
935656.081286 1916201.13348 0
935656.072756 1916201.17793 0
935656.064312 1916201.23346 0
935656.046913 1916201.27798 0
935656.038384 1916201.32242 0
935656.029854 1916201.36686 0
935656.02141 1916201.4224 0
935656.012881 1916201.46685 0
935656.004521 1916201.53348 0
935655.995992 1916201.57792 0
935655.978763 1916201.64462 0
935655.970404 1916201.71126 0
935655.953175 1916201.77796 0
935655.944815 1916201.84459 0
935655.936371 1916201.90013 0
935655.928012 1916201.96676 0
935655.928437 1916202.02223 0
935655.919992 1916202.07777 0
935655.920332 1916202.12214 0
935655.911803 1916202.16659 0
935655.912058 1916202.19987 0
935655.912313 1916202.23315 0
935655.903699 1916202.2665 0
935655.903869 1916202.28869 0
935655.904124 1916202.32197 0
935655.895509 1916202.35532 0
935655.895764 1916202.3886 0
935655.896019 1916202.42188 0
935655.887405 1916202.45523 0
935655.88766 1916202.48852 0
935655.88783 1916202.5107 0
935655.888 1916202.53289 0
935655.879301 1916202.55515 0
935655.888255 1916202.56617 0
935655.887915 1916202.5218 0
935655.879301 1916202.55515 0
935655.888085 1916202.54399 0
935655.879216 1916202.54405 0
935655.888085 1916202.54399 0
935655.888085 1916202.54399 0
935655.888 1916202.53289 0
935655.888085 1916202.54399 0
935655.888 1916202.53289 0
935655.888085 1916202.54399 0
935655.888 1916202.53289 0
935655.888 1916202.53289 0
935655.888 1916202.53289 0
935655.888 1916202.53289 0
935655.888 1916202.53289 0
935655.888 1916202.53289 0
935655.888 1916202.53289 0
935655.888085 1916202.54399 0
935655.888 1916202.53289 0
935655.888 1916202.53289 0
935655.888 1916202.53289 0
935655.888 1916202.53289 0
935655.888085 1916202.54399 0
935655.879216 1916202.54405 0
935655.888 1916202.53289 0
935655.888 1916202.53289 0
935655.879131 1916202.53296 0
935655.888 1916202.53289 0
935655.888 1916202.53289 0
935655.879131 1916202.53296 0
935655.879131 1916202.53296 0
935655.879131 1916202.53296 0
935655.879131 1916202.53296 0
935655.879131 1916202.53296 0
935655.879131 1916202.53296 0
935655.879131 1916202.53296 0
935655.879131 1916202.53296 0
935655.879131 1916202.53296 0
935655.888 1916202.53289 0
935655.888 1916202.53289 0
935655.888 1916202.53289 0
935655.888 1916202.53289 0
935655.888 1916202.53289 0
935655.879131 1916202.53296 0
935655.879131 1916202.53296 0
935655.888 1916202.53289 0
935655.888 1916202.53289 0
935655.888 1916202.53289 0
935655.888 1916202.53289 0
935655.888 1916202.53289 0
935655.879131 1916202.53296 0
935655.879131 1916202.53296 0
935655.888 1916202.53289 0
935655.879131 1916202.53296 0
935655.879131 1916202.53296 0
935655.888 1916202.53289 0
935655.879131 1916202.53296 0
935655.879131 1916202.53296 0
935655.879131 1916202.53296 0
935655.879131 1916202.53296 0
935655.879131 1916202.53296 0
935655.879216 1916202.54405 0
935655.888 1916202.53289 0
935655.879131 1916202.53296 0
935655.879131 1916202.53296 0
935655.888 1916202.53289 0
935655.888085 1916202.54399 0
935655.888 1916202.53289 0
935655.879131 1916202.53296 0
935655.888 1916202.53289 0
935655.879131 1916202.53296 0
935655.888 1916202.53289 0
935655.888 1916202.53289 0
935655.888 1916202.53289 0
935655.888 1916202.53289 0
