935638.331861 1916048.30729 0
935638.331946 1916048.31839 0
935638.331946 1916048.31839 0
935638.331946 1916048.31839 0
935638.331946 1916048.31839 0
935638.331946 1916048.31839 0
935638.331946 1916048.31839 0
935638.331946 1916048.31839 0
935638.331946 1916048.31839 0
935638.331946 1916048.31839 0
935638.331946 1916048.31839 0
935638.331946 1916048.31839 0
935638.331946 1916048.31839 0
935638.331946 1916048.31839 0
935638.331946 1916048.31839 0
935638.331861 1916048.30729 0
935638.331946 1916048.31839 0
935638.331946 1916048.31839 0
935638.331946 1916048.31839 0
935638.331946 1916048.31839 0
935638.331946 1916048.31839 0
935638.331946 1916048.31839 0
935638.331946 1916048.31839 0
935638.331946 1916048.31839 0
935638.331946 1916048.31839 0
935638.331946 1916048.31839 0
935638.331946 1916048.31839 0
935638.331946 1916048.31839 0
935638.331946 1916048.31839 0
935638.331946 1916048.31839 0
935638.331946 1916048.31839 0
935638.331946 1916048.31839 0
935638.331946 1916048.31839 0
935638.340986 1916048.34051 0
935638.350111 1916048.37372 0
935638.368275 1916048.42905 0
935638.395309 1916048.48432 0
935638.431468 1916048.5728 0
935638.467542 1916048.65019 0
935638.51257 1916048.7386 0
935638.566553 1916048.83804 0
935638.611582 1916048.92645 0
935638.66548 1916049.01479 0
935638.719378 1916049.10314 0
935638.773191 1916049.18039 0
935638.827004 1916049.25764 0
935638.880817 1916049.33489 0
935638.952454 1916049.4231 0
935639.015137 1916049.50028 0
935639.086774 1916049.58849 0
935639.167281 1916049.67663 0
935639.247873 1916049.77586 0
935639.346119 1916049.86387 0
935639.435496 1916049.95194 0
935639.533827 1916050.05104 0
935639.640943 1916050.13897 0
935639.748059 1916050.22691 0
935639.864044 1916050.31478 0
935639.979944 1916050.39155 0
935640.086975 1916050.46839 0
935640.211745 1916050.5451 0
935640.32756 1916050.61078 0
935640.4612 1916050.68742 0
935640.594755 1916050.75296 0
935640.728309 1916050.81851 0
935640.870733 1916050.88398 0
935641.013158 1916050.94946 0
935641.164451 1916051.01487 0
935641.297921 1916051.06932 0
935641.431476 1916051.13486 0
935641.56503 1916051.20041 0
935641.680845 1916051.26609 0
935641.778922 1916051.3319 0
935641.885952 1916051.40875 0
935641.966289 1916051.4747 0
935642.055496 1916051.54058 0
935642.135832 1916051.60654 0
935642.198345 1916051.66153 0
935642.269812 1916051.72755 0
935642.314585 1916051.78268 0
935642.377098 1916051.83767 0
935642.421786 1916051.88171 0
935642.466559 1916051.93684 0
935642.502293 1916051.96985 0
935642.538197 1916052.02505 0
935642.582885 1916052.06909 0
935642.609834 1916052.11326 0
935642.645652 1916052.15736 0
935642.681471 1916052.20147 0
935642.717375 1916052.25666 0
935642.753108 1916052.28967 0
935642.788927 1916052.33378 0
935642.815876 1916052.37795 0
935642.851695 1916052.42205 0
935642.878644 1916052.46623 0
935642.905507 1916052.49931 0
935642.923502 1916052.53245 0
935642.950366 1916052.56553 0
935642.968275 1916052.58758 0
935642.986269 1916052.62073 0
935643.013133 1916052.65381 0
935643.039997 1916052.68688 0
935643.058077 1916052.73112 0
935643.093895 1916052.77523 0
935643.120844 1916052.8194 0
935643.147793 1916052.86357 0
935643.174742 1916052.90774 0
935643.201606 1916052.94082 0
935643.228555 1916052.98499 0
935643.255504 1916053.02917 0
935643.282453 1916053.07334 0
935643.309402 1916053.11751 0
935643.336521 1916053.18387 0
935643.37234 1916053.22798 0
935643.408328 1916053.29427 0
935643.444317 1916053.36056 0
935643.489175 1916053.42678 0
935643.525249 1916053.50417 0
935643.570107 1916053.57039 0
935643.606181 1916053.64778 0
935643.651124 1916053.7251 0
935643.687113 1916053.79139 0
935643.714232 1916053.85775 0
935643.75909 1916053.92398 0
935643.786209 1916053.99034 0
935643.822283 1916054.06772 0
935643.858272 1916054.13401 0
935643.894345 1916054.2114 0
935643.930419 1916054.28879 0
935643.975532 1916054.38829 0
935644.029515 1916054.48773 0
935644.083668 1916054.60936 0
935644.146776 1916054.74201 0
935644.218838 1916054.88569 0
935644.281946 1916055.01834 0
935644.354179 1916055.18421 0
935644.435196 1916055.33891 0
935644.498473 1916055.49375 0
935644.570706 1916055.65962 0
935644.634068 1916055.82555 0
935644.706301 1916055.99142 0
935644.778533 1916056.15729 0
935644.842066 1916056.34541 0
935644.923168 1916056.51121 0
935644.995485 1916056.68817 0
935645.067803 1916056.86513 0
935645.14012 1916057.04209 0
935645.212437 1916057.21905 0
935645.28484 1916057.4071 0
935645.357157 1916057.58406 0
935645.438429 1916057.77205 0
935645.510832 1916057.9601 0
935645.592104 1916058.14809 0
935645.664591 1916058.34724 0
935645.736993 1916058.53529 0
935645.827305 1916058.7454 0
935645.899877 1916058.95564 0
935645.990189 1916059.16575 0
935646.071631 1916059.37592 0
935646.162028 1916059.59712 0
935646.24347 1916059.8073 0
935646.324997 1916060.02857 0
935646.415308 1916060.23867 0
935646.49675 1916060.44885 0
935646.587147 1916060.67005 0
935646.668589 1916060.88022 0
935646.750116 1916061.10149 0
935646.849382 1916061.32263 0
935646.930909 1916061.54389 0
935647.021306 1916061.76509 0
935647.111703 1916061.98629 0
935647.19323 1916062.20756 0
935647.283711 1916062.43986 0
935647.356283 1916062.6501 0
935647.44668 1916062.8713 0
935647.519337 1916063.09264 0
935647.600864 1916063.31391 0
935647.682476 1916063.54627 0
935647.764003 1916063.76754 0
935647.836831 1916064.01106 0
935647.918358 1916064.23233 0
935648.000055 1916064.47579 0
935648.081582 1916064.69706 0
935648.154494 1916064.95167 0
935648.236106 1916065.18404 0
935648.326673 1916065.42743 0
935648.408285 1916065.65979 0
935648.489982 1916065.90324 0
935648.580548 1916066.14663 0
935648.66216 1916066.379 0
935648.752727 1916066.62238 0
935648.834424 1916066.86584 0
935648.92499 1916067.10923 0
935648.997818 1916067.35275 0
935649.088384 1916067.59614 0
935649.152257 1916067.82864 0
935649.234039 1916068.08319 0
935649.306866 1916068.32672 0
935649.379778 1916068.58134 0
935649.443821 1916068.83602 0
935649.516648 1916069.07955 0
935649.580691 1916069.33423 0
935649.653603 1916069.58885 0
935649.717646 1916069.84354 0
935649.781604 1916070.08713 0
935649.845647 1916070.34182 0
935649.909689 1916070.5965 0
935649.973732 1916070.85119 0
935650.046559 1916071.09472 0
935650.110602 1916071.3494 0
935650.17456 1916071.593 0
935650.247387 1916071.83652 0
935650.311344 1916072.08011 0
935650.384172 1916072.32364 0
935650.43926 1916072.5673 0
935650.503217 1916072.81089 0
935650.576045 1916073.05441 0
935650.640002 1916073.29801 0
935650.70396 1916073.5416 0
935650.767748 1916073.763 0
935650.840575 1916074.00653 0
935650.904447 1916074.23903 0
935650.95945 1916074.47159 0
935651.014538 1916074.71525 0
935651.060587 1916074.9368 0
935651.097936 1916075.18059 0
935651.143984 1916075.40213 0
935651.172378 1916075.6349 0
935651.209642 1916075.86761 0
935651.246736 1916076.07812 0
935651.27513 1916076.31089 0
935651.321093 1916076.52134 0
935651.349402 1916076.74301 0
935651.395281 1916076.94237 0
935651.441244 1916077.15281 0
935651.469298 1916077.34121 0
935651.515261 1916077.55165 0
935651.552185 1916077.73998 0
935651.589109 1916077.92831 0
935651.634902 1916078.11656 0
935651.662871 1916078.29386 0
935651.699795 1916078.48219 0
935651.736548 1916078.64833 0
935651.773302 1916078.81447 0
935651.801186 1916078.98067 0
935651.82907 1916079.14688 0
935651.865739 1916079.30192 0
935651.893538 1916079.45704 0
935651.921252 1916079.60106 0
935651.949051 1916079.75617 0
935651.97668 1916079.88909 0
935652.004309 1916080.02202 0
935652.032023 1916080.16603 0
935652.050697 1916080.28793 0
935652.078326 1916080.42086 0
935652.096831 1916080.52057 0
935652.11542 1916080.63137 0
935652.124715 1916080.68677 0
935652.115505 1916080.64247 0
935652.106465 1916080.62035 0
935652.10655 1916080.63144 0
935652.115335 1916080.62028 0
935652.10638 1916080.60925 0
935652.10638 1916080.60925 0
935652.106295 1916080.59816 0
935652.10638 1916080.60925 0
935652.106295 1916080.59816 0
935652.106295 1916080.59816 0
935652.106295 1916080.59816 0
