935538.956679 1915858.42985 0
935538.956679 1915858.42985 0
935538.956679 1915858.42985 0
935538.965548 1915858.42979 0
935538.965548 1915858.42979 0
935538.956679 1915858.42985 0
935538.956679 1915858.42985 0
935538.956679 1915858.42985 0
935538.956679 1915858.42985 0
935538.956593 1915858.41876 0
935538.956593 1915858.41876 0
935538.956593 1915858.41876 0
935538.956593 1915858.41876 0
935538.956593 1915858.41876 0
935538.956593 1915858.41876 0
935538.965463 1915858.41869 0
935538.956593 1915858.41876 0
935538.956593 1915858.41876 0
935538.965548 1915858.42979 0
935538.974589 1915858.45191 0
935538.992499 1915858.47396 0
935539.010579 1915858.5182 0
935539.037529 1915858.56237 0
935539.064564 1915858.61764 0
935539.100555 1915858.68393 0
935539.136545 1915858.75022 0
935539.18149 1915858.82754 0
935539.217651 1915858.91602 0
935539.262681 1915859.00443 0
935539.316581 1915859.09277 0
935539.370567 1915859.19221 0
935539.424637 1915859.30274 0
935539.487493 1915859.40211 0
935539.541563 1915859.51264 0
935539.604504 1915859.62311 0
935539.658489 1915859.72254 0
935539.721429 1915859.83301 0
935539.78437 1915859.94347 0
935539.84731 1915860.05393 0
935539.901381 1915860.16447 0
935539.964321 1915860.27493 0
935540.018392 1915860.38546 0
935540.081332 1915860.49592 0
935540.144187 1915860.59529 0
935540.207213 1915860.71685 0
935540.270068 1915860.81622 0
935540.333094 1915860.93778 0
935540.387164 1915861.04831 0
935540.458975 1915861.15871 0
935540.522 1915861.28026 0
935540.593981 1915861.41285 0
935540.648222 1915861.54557 0
935540.720202 1915861.67815 0
935540.810007 1915861.82169 0
935540.873118 1915861.95434 0
935540.954054 1915862.09795 0
935541.035074 1915862.25266 0
935541.107055 1915862.38524 0
935541.19686 1915862.52878 0
935541.277796 1915862.67239 0
935541.376471 1915862.81586 0
935541.457576 1915862.98166 0
935541.547297 1915863.11411 0
935541.655097 1915863.2908 0
935541.744902 1915863.43434 0
935541.843748 1915863.6 0
935541.933638 1915863.75463 0
935542.041268 1915863.90913 0
935542.122289 1915864.06384 0
935542.221134 1915864.2295 0
935542.302155 1915864.3842 0
935542.401 1915864.54986 0
935542.481936 1915864.69347 0
935542.563127 1915864.87036 0
935542.652932 1915865.0139 0
935542.734123 1915865.1908 0
935542.824013 1915865.34543 0
935542.905204 1915865.52232 0
935542.98631 1915865.68812 0
935543.076286 1915865.85385 0
935543.157391 1915866.01965 0
935543.238667 1915866.20763 0
935543.319773 1915866.37343 0
935543.409919 1915866.56135 0
935543.49998 1915866.73817 0
935543.590126 1915866.92609 0
935543.680186 1915867.10291 0
935543.779202 1915867.29076 0
935543.860393 1915867.46765 0
935543.968363 1915867.66653 0
935544.058424 1915867.84335 0
935544.16631 1915868.03113 0
935544.26524 1915868.20789 0
935544.373211 1915868.40676 0
935544.472141 1915868.58352 0
935544.588982 1915868.78233 0
935544.687997 1915868.97018 0
935544.804752 1915869.15789 0
935544.912553 1915869.33458 0
935545.029393 1915869.53338 0
935545.137193 1915869.71007 0
935545.245079 1915869.89785 0
935545.361834 1915870.08556 0
935545.469719 1915870.27335 0
935545.568735 1915870.4612 0
935545.69436 1915870.64884 0
935545.793376 1915870.83669 0
935545.910131 1915871.0244 0
935546.018016 1915871.21218 0
935546.125902 1915871.39997 0
935546.242742 1915871.59877 0
935546.350627 1915871.78655 0
935546.458513 1915871.97434 0
935546.566483 1915872.17321 0
935546.665414 1915872.34997 0
935546.764514 1915872.54891 0
935546.85466 1915872.73683 0
935546.96246 1915872.91351 0
935547.043736 1915873.1015 0
935547.142667 1915873.27826 0
935547.313918 1915873.63197 0
935547.403893 1915873.7977 0
935547.493869 1915873.96343 0
935547.574974 1915874.12923 0
935547.655995 1915874.28393 0
935547.737015 1915874.43863 0
935547.818035 1915874.59334 0
935547.898971 1915874.73695 0
935547.979991 1915874.89165 0
935548.060841 1915875.02417 0
935548.141777 1915875.16778 0
935548.213672 1915875.28927 0
935548.294607 1915875.43287 0
935548.357632 1915875.55443 0
935548.429613 1915875.68702 0
935548.501508 1915875.80851 0
935548.564533 1915875.93006 0
935548.627558 1915876.05162 0
935548.699453 1915876.17311 0
935548.753524 1915876.28364 0
935548.816549 1915876.4052 0
935548.870619 1915876.51573 0
935548.93356 1915876.62619 0
935548.98763 1915876.73673 0
935549.05057 1915876.84719 0
935549.104555 1915876.94663 0
935549.158541 1915877.04607 0
935549.221481 1915877.15653 0
935549.275466 1915877.25597 0
935549.338406 1915877.36643 0
935549.401346 1915877.47689 0
935549.464371 1915877.59845 0
935549.527397 1915877.72001 0
935549.608247 1915877.85252 0
935549.680142 1915877.97401 0
935549.761077 1915878.11762 0
935549.833057 1915878.25021 0
935549.922862 1915878.39375 0
935550.003712 1915878.52626 0
935550.084733 1915878.68097 0
935550.174538 1915878.82451 0
935550.255558 1915878.97921 0
935550.354318 1915879.13378 0
935550.444208 1915879.28842 0
935550.525058 1915879.42093 0
935550.615033 1915879.58666 0
935550.695798 1915879.70808 0
935550.776819 1915879.86279 0
935550.857669 1915879.9953 0
935550.929649 1915880.12788 0
935551.010669 1915880.28259 0
935551.082479 1915880.39298 0
935551.154544 1915880.53666 0
935551.21757 1915880.65822 0
935551.28068 1915880.79087 0
935551.34362 1915880.90133 0
935551.406645 1915881.02289 0
935551.460716 1915881.13342 0
935551.523741 1915881.25498 0
935551.577726 1915881.35442 0
935551.622927 1915881.46502 0
935551.676912 1915881.56446 0
935551.722027 1915881.66396 0
935551.767142 1915881.76347 0
935551.812173 1915881.85188 0
935551.857203 1915881.94029 0
935551.902233 1915882.0287 0
935551.938308 1915882.10609 0
935551.983253 1915882.18341 0
935552.019328 1915882.26079 0
935552.055319 1915882.32708 0
935552.091394 1915882.40447 0
935552.127299 1915882.45967 0
935552.154419 1915882.52603 0
935552.181454 1915882.58129 0
935552.217444 1915882.64759 0
935552.244394 1915882.69176 0
935552.271429 1915882.74702 0
935552.28951 1915882.79126 0
935552.31646 1915882.83544 0
935552.334455 1915882.86858 0
935552.35245 1915882.90173 0
935552.370445 1915882.93487 0
935552.38844 1915882.96802 0
935552.40635 1915882.99007 0
935552.415475 1915883.02328 0
935552.424515 1915883.0454 0
935552.433555 1915883.06752 0
935552.44251 1915883.07855 0
935552.451465 1915883.08958 0
935552.45155 1915883.10067 0
935552.460505 1915883.1117 0
935552.46059 1915883.12279 0
935552.469545 1915883.13382 0
935552.469545 1915883.13382 0
935552.46963 1915883.14491 0
935552.46963 1915883.14491 0
935552.46963 1915883.14491 0
935552.46963 1915883.14491 0
935552.469545 1915883.13382 0
935552.46963 1915883.14491 0
935552.469545 1915883.13382 0
935552.469545 1915883.13382 0
935552.469545 1915883.13382 0
935552.469545 1915883.13382 0
935552.469545 1915883.13382 0
935552.469545 1915883.13382 0
935552.469545 1915883.13382 0
935552.469545 1915883.13382 0
935552.469545 1915883.13382 0
935552.46946 1915883.12272 0
935552.469545 1915883.13382 0
935552.469545 1915883.13382 0
935552.469545 1915883.13382 0
935552.469545 1915883.13382 0
935552.469545 1915883.13382 0
935552.469545 1915883.13382 0
935552.46946 1915883.12272 0
935552.469545 1915883.13382 0
935552.469545 1915883.13382 0
