935540.731286 1915861.96653 0
935540.731371 1915861.97762 0
935540.731286 1915861.96653 0
935540.731371 1915861.97762 0
935540.731371 1915861.97762 0
935540.731371 1915861.97762 0
935540.731371 1915861.97762 0
935540.731371 1915861.97762 0
935540.731371 1915861.97762 0
935540.731371 1915861.97762 0
935540.731371 1915861.97762 0
935540.731371 1915861.97762 0
935540.731371 1915861.97762 0
935540.731371 1915861.97762 0
935540.731371 1915861.97762 0
935540.731371 1915861.97762 0
935540.731371 1915861.97762 0
935540.731371 1915861.97762 0
935540.731371 1915861.97762 0
935540.731371 1915861.97762 0
935540.731371 1915861.97762 0
935540.731371 1915861.97762 0
935540.731371 1915861.97762 0
935540.731371 1915861.97762 0
935540.731371 1915861.97762 0
935540.731371 1915861.97762 0
935540.731371 1915861.97762 0
935540.731371 1915861.97762 0
935540.731371 1915861.97762 0
935540.731371 1915861.97762 0
935540.731371 1915861.97762 0
935540.731371 1915861.97762 0
935540.731371 1915861.97762 0
935540.731371 1915861.97762 0
935540.731286 1915861.96653 0
935540.731371 1915861.97762 0
935540.731286 1915861.96653 0
935540.731286 1915861.96653 0
935540.731286 1915861.96653 0
935540.731286 1915861.96653 0
935540.731286 1915861.96653 0
935540.731286 1915861.96653 0
935540.731286 1915861.96653 0
935540.731286 1915861.96653 0
935540.731286 1915861.96653 0
935540.731371 1915861.97762 0
935540.731286 1915861.96653 0
935540.731286 1915861.96653 0
935540.731371 1915861.97762 0
935540.731286 1915861.96653 0
935540.731286 1915861.96653 0
935540.731286 1915861.96653 0
935540.731371 1915861.97762 0
935540.731286 1915861.96653 0
935540.731371 1915861.97762 0
935540.731286 1915861.96653 0
935540.731371 1915861.97762 0
935540.731371 1915861.97762 0
935540.731371 1915861.97762 0
935540.731371 1915861.97762 0
935540.731371 1915861.97762 0
935540.731371 1915861.97762 0
935540.731371 1915861.97762 0
935540.731371 1915861.97762 0
935540.731371 1915861.97762 0
935540.731371 1915861.97762 0
935540.731371 1915861.97762 0
935540.731371 1915861.97762 0
935540.731371 1915861.97762 0
935540.731371 1915861.97762 0
935540.731371 1915861.97762 0
935540.731371 1915861.97762 0
935540.731371 1915861.97762 0
935540.731371 1915861.97762 0
935540.731371 1915861.97762 0
935540.731371 1915861.97762 0
935540.731371 1915861.97762 0
935540.731371 1915861.97762 0
935540.731371 1915861.97762 0
935540.731371 1915861.97762 0
935540.731371 1915861.97762 0
935540.731371 1915861.97762 0
935540.731371 1915861.97762 0
935540.731371 1915861.97762 0
935540.731371 1915861.97762 0
935540.731371 1915861.97762 0
935540.731371 1915861.97762 0
935540.731371 1915861.97762 0
935540.731371 1915861.97762 0
935540.731371 1915861.97762 0
935540.731371 1915861.97762 0
935540.731286 1915861.96653 0
935540.731286 1915861.96653 0
935540.731286 1915861.96653 0
935540.731286 1915861.96653 0
935540.731286 1915861.96653 0
935540.731286 1915861.96653 0
935540.731286 1915861.96653 0
935540.731286 1915861.96653 0
935540.731286 1915861.96653 0
935540.731286 1915861.96653 0
935540.731286 1915861.96653 0
935540.731286 1915861.96653 0
935540.731286 1915861.96653 0
935540.722416 1915861.96659 0
935540.722416 1915861.96659 0
935540.731286 1915861.96653 0
935540.731286 1915861.96653 0
935540.731286 1915861.96653 0
935540.731286 1915861.96653 0
935540.731286 1915861.96653 0
935540.731286 1915861.96653 0
935540.731286 1915861.96653 0
935540.731286 1915861.96653 0
935540.731371 1915861.97762 0
935540.731286 1915861.96653 0
935540.731371 1915861.97762 0
935540.731371 1915861.97762 0
935540.731371 1915861.97762 0
935540.731371 1915861.97762 0
935540.731371 1915861.97762 0
935540.731371 1915861.97762 0
935540.731371 1915861.97762 0
935540.731286 1915861.96653 0
935540.731286 1915861.96653 0
935540.731286 1915861.96653 0
935540.731286 1915861.96653 0
935540.731371 1915861.97762 0
935540.731286 1915861.96653 0
935540.731371 1915861.97762 0
935540.731286 1915861.96653 0
935540.731286 1915861.96653 0
935540.731286 1915861.96653 0
935540.731286 1915861.96653 0
935540.731371 1915861.97762 0
935540.731286 1915861.96653 0
935540.731286 1915861.96653 0
935540.731286 1915861.96653 0
935540.731286 1915861.96653 0
935540.731286 1915861.96653 0
935540.731286 1915861.96653 0
935540.731286 1915861.96653 0
935540.731286 1915861.96653 0
935540.731286 1915861.96653 0
935540.731286 1915861.96653 0
935540.731286 1915861.96653 0
935540.731286 1915861.96653 0
935540.731286 1915861.96653 0
935540.722416 1915861.96659 0
935540.722416 1915861.96659 0
935540.731286 1915861.96653 0
935540.731286 1915861.96653 0
935540.722416 1915861.96659 0
935540.722416 1915861.96659 0
935540.722416 1915861.96659 0
935540.722416 1915861.96659 0
935540.722416 1915861.96659 0
935540.722416 1915861.96659 0
935540.722416 1915861.96659 0
935540.722416 1915861.96659 0
935540.722416 1915861.96659 0
935540.722416 1915861.96659 0
935540.722331 1915861.9555 0
935540.722416 1915861.96659 0
935540.722416 1915861.96659 0
935540.722416 1915861.96659 0
935540.722416 1915861.96659 0
935540.722416 1915861.96659 0
935540.722416 1915861.96659 0
935540.722416 1915861.96659 0
935540.731286 1915861.96653 0
935540.722416 1915861.96659 0
935540.731286 1915861.96653 0
935540.731286 1915861.96653 0
935540.731286 1915861.96653 0
935540.731286 1915861.96653 0
935540.731286 1915861.96653 0
935540.731286 1915861.96653 0
935540.731286 1915861.96653 0
935540.722416 1915861.96659 0
935540.731286 1915861.96653 0
935540.731286 1915861.96653 0
935540.731286 1915861.96653 0
935540.731286 1915861.96653 0
935540.731286 1915861.96653 0
935540.731286 1915861.96653 0
935540.731286 1915861.96653 0
935540.731286 1915861.96653 0
935540.731286 1915861.96653 0
935540.731286 1915861.96653 0
935540.731286 1915861.96653 0
935540.731286 1915861.96653 0
935540.731286 1915861.96653 0
935540.731286 1915861.96653 0
935540.731286 1915861.96653 0
935540.731286 1915861.96653 0
935540.731286 1915861.96653 0
935540.731371 1915861.97762 0
935540.731371 1915861.97762 0
935540.731371 1915861.97762 0
935540.731371 1915861.97762 0
935540.731371 1915861.97762 0
935540.731286 1915861.96653 0
935540.731286 1915861.96653 0
935540.731371 1915861.97762 0
935540.731371 1915861.97762 0
935540.731371 1915861.97762 0
935540.731371 1915861.97762 0
935540.731371 1915861.97762 0
935540.731286 1915861.96653 0
935540.731286 1915861.96653 0
935540.731286 1915861.96653 0
935540.731286 1915861.96653 0
935540.731286 1915861.96653 0
935540.731371 1915861.97762 0
935540.731286 1915861.96653 0
935540.731371 1915861.97762 0
935540.731286 1915861.96653 0
935540.731286 1915861.96653 0
935540.731286 1915861.96653 0
935540.731286 1915861.96653 0
935540.731286 1915861.96653 0
935540.731286 1915861.96653 0
935540.731371 1915861.97762 0
935540.731286 1915861.96653 0
935540.731371 1915861.97762 0
935540.731286 1915861.96653 0
935540.731286 1915861.96653 0
935540.731286 1915861.96653 0
935540.731286 1915861.96653 0
935540.731286 1915861.96653 0
935540.731286 1915861.96653 0
935540.731371 1915861.97762 0
935540.731286 1915861.96653 0
935540.731286 1915861.96653 0
935540.731286 1915861.96653 0
935540.731286 1915861.96653 0
935540.731286 1915861.96653 0
935540.731286 1915861.96653 0
935540.731286 1915861.96653 0
935540.731286 1915861.96653 0
935540.731286 1915861.96653 0
935540.731286 1915861.96653 0
935540.731286 1915861.96653 0
935540.731286 1915861.96653 0
935540.731286 1915861.96653 0
935540.731286 1915861.96653 0
935540.731286 1915861.96653 0
935540.731371 1915861.97762 0
935540.731286 1915861.96653 0
935540.731286 1915861.96653 0
935540.731371 1915861.97762 0
935540.731286 1915861.96653 0
935540.731371 1915861.97762 0
935540.731286 1915861.96653 0
935540.731371 1915861.97762 0
935540.731286 1915861.96653 0
935540.731371 1915861.97762 0
935540.731371 1915861.97762 0
935540.731371 1915861.97762 0
935540.731371 1915861.97762 0
935540.731371 1915861.97762 0
935540.731371 1915861.97762 0
935540.731371 1915861.97762 0
935540.731371 1915861.97762 0
935540.731286 1915861.96653 0
935540.731286 1915861.96653 0
935540.722416 1915861.96659 0
935540.731371 1915861.97762 0
935540.731371 1915861.97762 0
935540.731286 1915861.96653 0
935540.731371 1915861.97762 0
935540.749281 1915861.99967 0
935540.767276 1915862.03282 0
935540.803181 1915862.08802 0
935540.839172 1915862.15431 0
935540.884117 1915862.23163 0
935540.946972 1915862.33099 0
935541.009827 1915862.43036 0
935541.081637 1915862.54076 0
935541.153448 1915862.65116 0
935541.234213 1915862.77258 0
935541.323933 1915862.90502 0
935541.386958 1915863.02658 0
935541.467724 1915863.148 0
935541.548574 1915863.28052 0
935541.620469 1915863.40201 0
935541.701234 1915863.52343 0
935541.764175 1915863.63389 0
935541.836155 1915863.76648 0
935541.899096 1915863.87694 0
935541.970991 1915863.99843 0
935542.034016 1915864.11999 0
935542.114867 1915864.2525 0
935542.186847 1915864.38509 0
935542.267783 1915864.5287 0
935542.348633 1915864.66121 0
935542.429568 1915864.80482 0
935542.510504 1915864.94843 0
935542.591354 1915865.08095 0
935542.672375 1915865.23565 0
935542.762265 1915865.39028 0
935542.85207 1915865.53383 0
935542.933091 1915865.68853 0
935543.022981 1915865.84316 0
935543.104002 1915865.99787 0
935543.193892 1915866.1525 0
935543.274913 1915866.30721 0
935543.364803 1915866.46184 0
935543.454694 1915866.61648 0
935543.5358 1915866.78227 0
935543.62569 1915866.93691 0
935543.715665 1915867.10264 0
935543.805641 1915867.26837 0
935543.895617 1915867.4341 0
935543.985592 1915867.59983 0
935544.075568 1915867.76556 0
935544.165713 1915867.95347 0
935544.255689 1915868.1192 0
935544.354619 1915868.29596 0
935544.44468 1915868.47278 0
935544.534826 1915868.6607 0
935544.633756 1915868.83746 0
935544.732772 1915869.02531 0
935544.831873 1915869.22425 0
935544.930803 1915869.401 0
935545.029904 1915869.59995 0
935545.137789 1915869.78773 0
935545.22802 1915869.98674 0
935545.344861 1915870.18555 0
935545.443962 1915870.38449 0
935545.543062 1915870.58343 0
935545.651033 1915870.78231 0
935545.759003 1915870.98118 0
935545.867059 1915871.19115 0
935545.97503 1915871.39003 0
935546.083 1915871.5889 0
935546.191056 1915871.79887 0
935546.290157 1915871.99782 0
935546.407082 1915872.20772 0
935546.515053 1915872.40659 0
935546.631978 1915872.6165 0
935546.740034 1915872.82646 0
935546.865829 1915873.0363 0
935546.973799 1915873.23517 0
935547.09081 1915873.45617 0
935547.20765 1915873.65498 0
935547.333446 1915873.86481 0
935547.450371 1915874.07471 0
935547.576166 1915874.28454 0
935547.693092 1915874.49444 0
935547.818887 1915874.70428 0
935547.944597 1915874.90302 0
935548.070477 1915875.12394 0
935548.178448 1915875.32282 0
935548.304328 1915875.54375 0
935548.412299 1915875.74262 0
935548.529309 1915875.96362 0
935548.637365 1915876.17359 0
935548.745505 1915876.39465 0
935548.853646 1915876.61571 0
935548.961702 1915876.82568 0
935549.069842 1915877.04675 0
935549.169113 1915877.26788 0
935549.277254 1915877.48894 0
935549.385395 1915877.71 0
935549.484665 1915877.93114 0
935549.592806 1915878.1522 0
935549.700947 1915878.37326 0
935549.809258 1915878.61651 0
935549.899489 1915878.81553 0
935550.007799 1915879.05878 0
935550.124895 1915879.29087 0
935550.242076 1915879.53405 0
935550.350302 1915879.76621 0
935550.467227 1915879.97611 0
935550.584408 1915880.21929 0
935550.692378 1915880.41817 0
935550.818599 1915880.68347 0
935550.935354 1915880.87118 0
935551.052449 1915881.10327 0
935551.169289 1915881.30208 0
935551.2863 1915881.52308 0
935551.394185 1915881.71086 0
935551.50224 1915881.92083 0
935551.601341 1915882.11977 0
935551.709311 1915882.31865 0
935551.799456 1915882.50656 0
935551.907342 1915882.69434 0
935551.988702 1915882.89342 0
935552.069893 1915883.07032 0
935552.160038 1915883.25823 0
935552.232359 1915883.43519 0
935552.313465 1915883.60099 0
935552.376916 1915883.77802 0
935552.440026 1915883.91067 0
935552.494181 1915884.0323 0
935552.530512 1915884.14296 0
935552.566672 1915884.23144 0
935552.593793 1915884.2978 0
935552.620743 1915884.34198 0
935552.629868 1915884.37519 0
935552.629953 1915884.38628 0
935552.638908 1915884.39731 0
935552.638908 1915884.39731 0
935552.638993 1915884.4084 0
935552.638908 1915884.39731 0
935552.638908 1915884.39731 0
935552.638908 1915884.39731 0
935552.630038 1915884.39738 0
935552.629953 1915884.38628 0
935552.629953 1915884.38628 0
935552.638823 1915884.38621 0
935552.638823 1915884.38621 0
935552.638823 1915884.38621 0
935552.638823 1915884.38621 0
935552.638823 1915884.38621 0
935552.629868 1915884.37519 0
935552.611873 1915884.34204 0
935552.593707 1915884.28671 0
935552.566587 1915884.22035 0
935552.539297 1915884.1318 0
935552.494096 1915884.0212 0
935552.448896 1915883.9106 0
935552.394655 1915883.77788 0
935552.340415 1915883.64516 0
935552.277219 1915883.50142 0
935552.222723 1915883.33541 0
935552.159442 1915883.18058 0
935552.096077 1915883.01464 0
935552.032626 1915882.83761 0
935551.960305 1915882.66065 0
935551.887984 1915882.48369 0
935551.815663 1915882.30673 0
935551.734388 1915882.11875 0
935551.644242 1915881.93083 0
935551.562967 1915881.74285 0
935551.481691 1915881.55486 0
935551.391545 1915881.36694 0
935551.301315 1915881.16793 0
935551.202299 1915880.98008 0
935551.103199 1915880.78114 0
935551.004098 1915880.58219 0
935550.896128 1915880.38332 0
935550.797028 1915880.18438 0
935550.680187 1915879.98557 0
935550.590127 1915879.80875 0
935550.464332 1915879.59891 0
935550.356447 1915879.41113 0
935550.230652 1915879.2013 0
935550.113897 1915879.01358 0
935549.997056 1915878.81478 0
935549.871346 1915878.61604 0
935549.754591 1915878.42832 0
935549.628967 1915878.24068 0
935549.503171 1915878.03085 0
935549.386331 1915877.83204 0
935549.260621 1915877.6333 0
935549.134911 1915877.43456 0
935549.009201 1915877.23582 0
935548.874621 1915877.03715 0
935548.739871 1915876.81629 0
935548.605206 1915876.60653 0
935548.452717 1915876.3858 0
935548.309182 1915876.17611 0
935548.174432 1915875.95525 0
935548.039681 1915875.73439 0
935547.914056 1915875.54674 0
935547.779136 1915875.30369 0
935547.679865 1915875.08256 0
935547.562684 1915874.83938 0
935547.445674 1915874.61838 0
935547.328578 1915874.3863 0
935547.220352 1915874.15414 0
935547.103171 1915873.91095 0
935547.0039 1915873.68982 0
935546.868809 1915873.42459 0
935546.769453 1915873.19236 0
935546.661057 1915872.93802 0
935546.570656 1915872.71682 0
935546.44452 1915872.46261 0
935546.345249 1915872.24148 0
935546.219113 1915871.98727 0
935546.110887 1915871.75511 0
935545.984921 1915871.52309 0
935545.850086 1915871.29114 0
935545.73299 1915871.05905 0
935545.589285 1915870.82716 0
935545.454534 1915870.6063 0
935545.310744 1915870.36332 0
935545.193818 1915870.15342 0
935545.050028 1915869.91044 0
935544.924233 1915869.70061 0
935544.807052 1915869.45743 0
935544.672301 1915869.23657 0
935544.555205 1915869.00448 0
935544.429325 1915868.78355 0
935544.312314 1915868.56256 0
935544.195303 1915868.34156 0
935544.078122 1915868.09838 0
935543.952327 1915867.88854 0
935543.835316 1915867.66755 0
935543.718305 1915867.44655 0
935543.60138 1915867.23665 0
935543.484454 1915867.02675 0
935543.367528 1915866.81685 0
935543.259558 1915866.61798 0
935543.133847 1915866.41924 0
935543.025877 1915866.22036 0
935542.909121 1915866.03265 0
935542.792366 1915865.84493 0
935542.675611 1915865.65722 0
935542.558941 1915865.4806 0
935542.45114 1915865.30391 0
935542.34334 1915865.12723 0
935542.235625 1915864.96163 0
935542.136694 1915864.78488 0
935542.028979 1915864.61929 0
935541.938918 1915864.44246 0
935541.840073 1915864.2768 0
935541.741312 1915864.12223 0
935541.660206 1915863.95644 0
935541.570316 1915863.8018 0
935541.471471 1915863.63614 0
935541.39045 1915863.48144 0
935541.300474 1915863.31571 0
935541.219539 1915863.1721 0
935541.138518 1915863.01739 0
935541.057668 1915862.88488 0
935540.967692 1915862.71915 0
935540.931532 1915862.63067 0
935540.904496 1915862.5754 0
935540.895541 1915862.56438 0
935540.922406 1915862.59746 0
935540.931532 1915862.63067 0
935540.913537 1915862.59752 0
935540.913622 1915862.60862 0
935540.913537 1915862.59752 0
935540.913622 1915862.60862 0
935540.913537 1915862.59752 0
935540.913622 1915862.60862 0
935540.913537 1915862.59752 0
935540.913622 1915862.60862 0
935540.913537 1915862.59752 0
935540.922492 1915862.60855 0
935540.913537 1915862.59752 0
935540.913622 1915862.60862 0
935540.922406 1915862.59746 0
935540.913537 1915862.59752 0
935540.913451 1915862.58643 0
935540.895541 1915862.56438 0
935540.886586 1915862.55335 0
935540.877461 1915862.52014 0
935540.859466 1915862.48699 0
935540.832431 1915862.43173 0
935540.814436 1915862.39858 0
935540.787485 1915862.35441 0
935540.769405 1915862.31017 0
935540.75141 1915862.27702 0
935540.73333 1915862.23278 0
935540.706465 1915862.1997 0
935540.68847 1915862.16656 0
935540.670475 1915862.13341 0
935540.661434 1915862.11129 0
935540.634569 1915862.07822 0
935540.616574 1915862.04507 0
935540.580499 1915861.96768 0
935540.553549 1915861.92351 0
935540.526343 1915861.84606 0
935540.490438 1915861.79086 0
935540.454448 1915861.72457 0
935540.427327 1915861.65821 0
935540.391337 1915861.59192 0
935540.355347 1915861.52563 0
935540.319357 1915861.45933 0
935540.292236 1915861.39297 0
935540.265286 1915861.3488 0
935540.283281 1915861.38195 0
935540.301276 1915861.41509 0
935540.292236 1915861.39297 0
935540.292236 1915861.39297 0
935540.292321 1915861.40407 0
935540.283366 1915861.39304 0
935540.292321 1915861.40407 0
935540.292236 1915861.39297 0
