935650.877174 1916098.4589 0
935650.877174 1916098.4589 0
935650.877174 1916098.4589 0
935650.877174 1916098.4589 0
935650.877174 1916098.4589 0
935650.877259 1916098.46999 0
935650.877259 1916098.46999 0
935650.877259 1916098.46999 0
935650.877259 1916098.46999 0
935650.877259 1916098.46999 0
935650.877174 1916098.4589 0
935650.877174 1916098.4589 0
935650.877259 1916098.46999 0
935650.877259 1916098.46999 0
935650.877259 1916098.46999 0
935650.886128 1916098.46993 0
935650.877259 1916098.46999 0
935650.877259 1916098.46999 0
935650.877259 1916098.46999 0
935650.877259 1916098.46999 0
935650.877259 1916098.46999 0
935650.877259 1916098.46999 0
935650.877259 1916098.46999 0
935650.886128 1916098.46993 0
935650.886128 1916098.46993 0
935650.886128 1916098.46993 0
935650.877259 1916098.46999 0
935650.886128 1916098.46993 0
935650.877259 1916098.46999 0
935650.886128 1916098.46993 0
935650.877259 1916098.46999 0
935650.877259 1916098.46999 0
935650.877259 1916098.46999 0
935650.877259 1916098.46999 0
935650.886128 1916098.46993 0
935650.877259 1916098.46999 0
935650.877259 1916098.46999 0
935650.886128 1916098.46993 0
935650.877259 1916098.46999 0
935650.877259 1916098.46999 0
935650.877174 1916098.4589 0
935650.877174 1916098.4589 0
935650.886043 1916098.45883 0
935650.886128 1916098.46993 0
935650.886128 1916098.46993 0
935650.886128 1916098.46993 0
935650.886043 1916098.45883 0
935650.886128 1916098.46993 0
935650.886128 1916098.46993 0
935650.877259 1916098.46999 0
935650.886298 1916098.49211 0
935650.886383 1916098.50321 0
935650.877854 1916098.54765 0
935650.878109 1916098.58094 0
935650.878534 1916098.63641 0
935650.878959 1916098.69188 0
935650.879469 1916098.75844 0
935650.87111 1916098.82507 0
935650.871705 1916098.90273 0
935650.872385 1916098.99148 0
935650.881935 1916099.08017 0
935650.8827 1916099.18001 0
935650.89225 1916099.2687 0
935650.8931 1916099.37964 0
935650.90265 1916099.46832 0
935650.903585 1916099.59035 0
935650.922259 1916099.71225 0
935650.931894 1916099.81203 0
935650.941784 1916099.94509 0
935650.960458 1916100.06699 0
935650.988002 1916100.18882 0
935651.006761 1916100.32181 0
935651.03439 1916100.45474 0
935651.053065 1916100.57663 0
935651.080609 1916100.69847 0
935651.126062 1916100.84235 0
935651.153691 1916100.97527 0
935651.190359 1916101.13032 0
935651.226773 1916101.25208 0
935651.263441 1916101.40712 0
935651.308979 1916101.5621 0
935651.354432 1916101.70598 0
935651.400056 1916101.87205 0
935651.445679 1916102.03812 0
935651.500257 1916102.21522 0
935651.572573 1916102.39218 0
935651.618197 1916102.55825 0
935651.672689 1916102.72425 0
935651.727267 1916102.90135 0
935651.77306 1916103.08961 0
935651.836422 1916103.25554 0
935651.882131 1916103.43271 0
935651.936793 1916103.6209 0
935651.991541 1916103.82018 0
935652.037589 1916104.04172 0
935652.127475 1916104.19636 0
935652.182053 1916104.37345 0
935652.183328 1916104.53987 0
935652.264685 1916104.73895 0
935652.283529 1916104.88303 0
935652.355931 1916105.07109 0
935652.428588 1916105.29242 0
935652.430288 1916105.5143 0
935652.493395 1916105.64696 0
935652.530404 1916105.84638 0
935652.558458 1916106.03477 0
935652.612951 1916106.20077 0
935652.641175 1916106.41136 0
935652.695667 1916106.57736 0
935652.732676 1916106.77678 0
935652.769514 1916106.95401 0
935652.815392 1916107.15336 0
935652.87884 1916107.33039 0
935652.906894 1916107.51879 0
935652.943817 1916107.70711 0
935652.99848 1916107.8953 0
935653.026534 1916108.0837 0
935653.098766 1916108.24956 0
935653.12682 1916108.43796 0
935653.181482 1916108.62615 0
935653.24493 1916108.80318 0
935653.281938 1916109.0026 0
935653.345385 1916109.17963 0
935653.391093 1916109.35679 0
935653.445756 1916109.54498 0
935653.500419 1916109.73317 0
935653.546127 1916109.91034 0
935653.600874 1916110.10962 0
935653.655367 1916110.27562 0
935653.709945 1916110.45272 0
935653.764522 1916110.62982 0
935653.810315 1916110.81807 0
935653.847154 1916110.99531 0
935653.910601 1916111.17234 0
935653.956394 1916111.36059 0
935654.011057 1916111.54878 0
935654.06572 1916111.73698 0
935654.120297 1916111.91407 0
935654.17496 1916112.10226 0
935654.229622 1916112.29045 0
935654.293155 1916112.47858 0
935654.338863 1916112.65574 0
935654.393525 1916112.84393 0
935654.457057 1916113.03205 0
935654.511635 1916113.20915 0
935654.575167 1916113.39727 0
935654.629745 1916113.57437 0
935654.684322 1916113.75146 0
935654.73003 1916113.92863 0
935654.766954 1916114.11696 0
935654.821617 1916114.30515 0
935654.867325 1916114.48231 0
935654.913203 1916114.68166 0
935654.958996 1916114.86992 0
935654.996004 1916115.06934 0
935655.050752 1916115.26863 0
935655.087675 1916115.45695 0
935655.142508 1916115.66733 0
935655.188386 1916115.86668 0
935655.234349 1916116.07713 0
935655.315705 1916116.27621 0
935655.352714 1916116.47563 0
935655.407461 1916116.67492 0
935655.462209 1916116.8742 0
935655.508087 1916117.07355 0
935655.562835 1916117.27284 0
935655.617667 1916117.48322 0
935655.66363 1916117.69366 0
935655.718463 1916117.90404 0
935655.764426 1916118.11449 0
935655.810474 1916118.33603 0
935655.874176 1916118.54634 0
935655.920139 1916118.75679 0
935655.974972 1916118.96716 0
935656.02102 1916119.1887 0
935656.058113 1916119.39922 0
935656.113031 1916119.62069 0
935656.167948 1916119.84216 0
935656.223036 1916120.08583 0
935656.260214 1916120.30743 0
935656.315217 1916120.54 0
935656.36135 1916120.77263 0
935656.398783 1916121.02753 0
935656.435962 1916121.24913 0
935656.48218 1916121.49286 0
935656.528398 1916121.73659 0
935656.574446 1916121.95813 0
935656.647358 1916122.21275 0
935656.684706 1916122.45655 0
935656.721885 1916122.67816 0
935656.777057 1916122.93291 0
935656.840844 1916123.15431 0
935656.913926 1916123.43112 0
935656.906757 1916123.65307 0
935656.970629 1916123.88557 0
935656.999108 1916124.12943 0
935657.036286 1916124.35104 0
935657.056065 1916124.61716 0
935657.110983 1916124.83863 0
935657.121808 1916125.09373 0
935657.158901 1916125.30424 0
935657.178511 1916125.54818 0
935657.233428 1916125.76965 0
935657.252952 1916126.00249 0
935657.281261 1916126.22416 0
935657.318525 1916126.45687 0
935657.355788 1916126.68957 0
935657.392882 1916126.90008 0
935657.412406 1916127.13292 0
935657.449584 1916127.35453 0
935657.486763 1916127.57614 0
935657.497417 1916127.80904 0
935657.534426 1916128.00847 0
935657.562905 1916128.25233 0
935657.591044 1916128.45182 0
935657.619352 1916128.67349 0
935657.638707 1916128.88415 0
935657.667016 1916129.10582 0
935657.704109 1916129.31634 0
935657.714679 1916129.53815 0
935657.742818 1916129.73764 0
935657.770956 1916129.93713 0
935657.799265 1916130.1588 0
935657.827404 1916130.35829 0
935657.837804 1916130.55791 0
935657.857073 1916130.75747 0
935657.894081 1916130.95689 0
935657.895527 1916131.14549 0
935657.93262 1916131.356 0
935657.942765 1916131.52235 0
935657.962119 1916131.733 0
935657.990088 1916131.9103 0
935657.982578 1916132.08787 0
935658.010632 1916132.27626 0
935658.020777 1916132.44261 0
935658.031177 1916132.64223 0
935658.058975 1916132.79734 0
935658.069375 1916132.99697 0
935658.088389 1916133.16324 0
935658.089835 1916133.35184 0
935658.109019 1916133.5403 0
935658.119249 1916133.71774 0
935658.138348 1916133.89511 0
935658.148663 1916134.08364 0
935658.158977 1916134.27217 0
935658.178077 1916134.44954 0
935658.188476 1916134.64916 0
935658.207661 1916134.83762 0
935658.21789 1916135.01506 0
935658.228205 1916135.20359 0
935658.247304 1916135.38096 0
935658.248749 1916135.56956 0
935658.276633 1916135.73576 0
935658.278163 1916135.93546 0
935658.288393 1916136.11289 0
935658.307577 1916136.30135 0
935658.309022 1916136.48995 0
935658.319252 1916136.66739 0
935658.329652 1916136.86701 0
935658.348666 1916137.03329 0
935658.359066 1916137.23291 0
935658.378165 1916137.41028 0
935658.38848 1916137.59881 0
935658.398795 1916137.78734 0
935658.417894 1916137.96471 0
935658.437078 1916138.15317 0
935658.456262 1916138.34163 0
935658.475447 1916138.5301 0
935658.494546 1916138.70747 0
935658.504945 1916138.90709 0
935658.541699 1916139.07323 0
935658.561053 1916139.28388 0
935658.588937 1916139.45008 0
935658.617076 1916139.64957 0
935658.636175 1916139.82694 0
935658.673183 1916140.02636 0
935658.701237 1916140.21476 0
935658.729291 1916140.40315 0
935658.757344 1916140.59155 0
935658.785398 1916140.77994 0
935658.804667 1916140.9795 0
935658.832636 1916141.1568 0
935658.851905 1916141.35635 0
935658.87109 1916141.54482 0
935658.890359 1916141.74437 0
935658.900674 1916141.9329 0
935658.920028 1916142.14355 0
935658.939127 1916142.32092 0
935658.949612 1916142.53164 0
935658.968796 1916142.7201 0
935658.98815 1916142.93075 0
935659.007249 1916143.10812 0
935659.017734 1916143.31884 0
935659.036918 1916143.5073 0
935659.047318 1916143.70693 0
935659.066587 1916143.90648 0
935659.076902 1916144.09501 0
935659.096171 1916144.29457 0
935659.115355 1916144.48303 0
935659.116801 1916144.67163 0
935659.13607 1916144.87119 0
935659.155339 1916145.07074 0
935659.165654 1916145.25927 0
935659.184923 1916145.45883 0
935659.195493 1916145.68064 0
935659.214677 1916145.8691 0
935659.233946 1916146.06866 0
935659.253215 1916146.26822 0
935659.281439 1916146.4788 0
935659.300708 1916146.67836 0
935659.328847 1916146.87784 0
935659.339417 1916147.09966 0
935659.376425 1916147.29908 0
935659.395779 1916147.50973 0
935659.432788 1916147.70915 0
935659.452142 1916147.9198 0
935659.48915 1916148.11922 0
935659.508504 1916148.32987 0
935659.545513 1916148.52929 0
935659.556082 1916148.7511 0
935659.593091 1916148.95052 0
935659.594791 1916149.1724 0
935659.614145 1916149.38305 0
935659.62463 1916149.59377 0
935659.635114 1916149.80449 0
935659.636729 1916150.01528 0
935659.629475 1916150.22613 0
935659.63109 1916150.43692 0
935659.64166 1916150.65873 0
935659.643275 1916150.86952 0
935659.644975 1916151.0914 0
935659.646676 1916151.31328 0
935659.630552 1916151.5242 0
935659.623297 1916151.73505 0
935659.616043 1916151.94591 0
935659.59105 1916152.1569 0
935659.574841 1916152.35673 0
935659.541063 1916152.57888 0
935659.524939 1916152.7898 0
935659.50873 1916152.98963 0
935659.483737 1916153.20062 0
935659.467528 1916153.40045 0
935659.42471 1916153.60048 0
935659.408502 1916153.80031 0
935659.374469 1916153.98918 0
935659.340436 1916154.17805 0
935659.306403 1916154.36692 0
935659.2635 1916154.55586 0
935659.211729 1916154.74486 0
935659.160042 1916154.94496 0
935659.1081 1916155.11178 0
935659.056413 1916155.31188 0
935659.004556 1916155.48979 0
935658.943829 1916155.66777 0
935658.874233 1916155.84582 0
935658.813592 1916156.0349 0
935658.752866 1916156.21288 0
935658.683355 1916156.40202 0
935658.622628 1916156.58 0
935658.544248 1916156.76921 0
935658.501175 1916156.93596 0
935658.431664 1916157.1251 0
935658.379722 1916157.29192 0
935658.310127 1916157.46997 0
935658.258355 1916157.65897 0
935658.206583 1916157.84798 0
935658.154811 1916158.03698 0
935658.085215 1916158.21503 0
935658.033613 1916158.42623 0
935657.981841 1916158.61523 0
935657.9212 1916158.80431 0
935657.878297 1916158.99325 0
935657.826781 1916159.21553 0
935657.792663 1916159.39331 0
935657.732191 1916159.60457 0
935657.680505 1916159.80467 0
935657.646472 1916159.99354 0
935657.603654 1916160.19357 0
935657.560837 1916160.39361 0
935657.51785 1916160.57145 0
935657.475202 1916160.79367 0
935657.4323 1916160.98261 0
935657.398352 1916161.18257 0
935657.364404 1916161.38254 0
935657.330457 1916161.5825 0
935657.305463 1916161.79349 0
935657.271431 1916161.98236 0
935657.246352 1916162.18226 0
935657.221359 1916162.39325 0
935657.20515 1916162.59308 0
935657.180157 1916162.80407 0
935657.163948 1916163.0039 0
935657.139125 1916163.23707 0
935657.122916 1916163.4369 0
935657.115662 1916163.64776 0
935657.099623 1916163.86977 0
935657.092369 1916164.08063 0
935657.0852 1916164.30258 0
935657.07803 1916164.52452 0
935657.070776 1916164.73538 0
935657.072646 1916164.97945 0
935657.065477 1916165.20139 0
935657.067262 1916165.43437 0
935657.060263 1916165.67851 0
935657.053094 1916165.90045 0
935657.03714 1916166.13356 0
935657.021101 1916166.35558 0
935657.005233 1916166.59979 0
935656.989194 1916166.8218 0
935656.964371 1916167.05498 0
935656.948502 1916167.29918 0
935656.914809 1916167.53243 0
935656.898855 1916167.76554 0
935656.874032 1916167.99872 0
935656.840425 1916168.24306 0
935656.83334 1916168.4761 0
935656.799648 1916168.70935 0
935656.792648 1916168.95348 0
935656.76774 1916169.17557 0
935656.751956 1916169.43087 0
935656.753572 1916169.64165 0
935656.746828 1916169.91907 0
935656.748443 1916170.12986 0
935656.750313 1916170.37393 0
935656.752098 1916170.6069 0
935656.753969 1916170.85097 0
935656.755839 1916171.09504 0
935656.757709 1916171.33911 0
935656.75958 1916171.58317 0
935656.770319 1916171.82718 0
935656.772275 1916172.08234 0
935656.783015 1916172.32634 0
935656.785055 1916172.59259 0
935656.78701 1916172.84776 0
935656.79775 1916173.09176 0
935656.808575 1916173.34685 0
935656.810445 1916173.59092 0
935656.812485 1916173.85718 0
935656.823225 1916174.10118 0
935656.816311 1916174.35641 0
935656.818266 1916174.61157 0
935656.820137 1916174.85564 0
935656.813222 1916175.11087 0
935656.806223 1916175.35501 0
935656.799309 1916175.61024 0
935656.801264 1916175.8654 0
935656.785481 1916176.1207 0
935656.787351 1916176.36477 0
935656.780437 1916176.62 0
935656.764653 1916176.87529 0
935656.766608 1916177.13046 0
935656.750825 1916177.38576 0
935656.752695 1916177.62982 0
935656.736826 1916177.87403 0
935656.729912 1916178.12926 0
935656.722828 1916178.3623 0
935656.706959 1916178.6065 0
935656.708915 1916178.86167 0
935656.684091 1916179.09485 0
935656.685877 1916179.32782 0
935656.670093 1916179.58312 0
935656.663009 1916179.81616 0
935656.647055 1916180.04927 0
935656.631187 1916180.29348 0
935656.632972 1916180.52645 0
935656.608149 1916180.75963 0
935656.609934 1916180.9926 0
935656.594065 1916181.23681 0
935656.587066 1916181.48094 0
935656.571112 1916181.71405 0
935656.564113 1916181.95819 0
935656.557029 1916182.19123 0
935656.549945 1916182.42428 0
935656.534076 1916182.66848 0
935656.526992 1916182.90152 0
935656.519908 1916183.13456 0
935656.512824 1916183.36761 0
935656.505739 1916183.60065 0
935656.498655 1916183.83369 0
935656.491656 1916184.07783 0
935656.475617 1916184.29984 0
935656.477403 1916184.53282 0
935656.470319 1916184.76586 0
935656.463149 1916184.98781 0
935656.447196 1916185.22092 0
935656.440026 1916185.44287 0
935656.432942 1916185.67591 0
935656.425688 1916185.88676 0
935656.418604 1916186.11981 0
935656.411435 1916186.34176 0
935656.404266 1916186.5637 0
935656.397096 1916186.78565 0
935656.389842 1916186.99651 0
935656.373803 1916187.21852 0
935656.375504 1916187.4404 0
935656.35938 1916187.65133 0
935656.352211 1916187.87327 0
935656.353826 1916188.08406 0
935656.337787 1916188.30608 0
935656.330618 1916188.52803 0
935656.314495 1916188.73895 0
935656.30724 1916188.9498 0
935656.308941 1916189.17168 0
935656.292817 1916189.3826 0
935656.285563 1916189.59346 0
935656.269524 1916189.81548 0
935656.26227 1916190.02633 0
935656.26397 1916190.24821 0
935656.256631 1916190.44797 0
935656.240762 1916190.69217 0
935656.233338 1916190.88084 0
935656.226254 1916191.11388 0
935656.219 1916191.32474 0
935656.211746 1916191.53559 0
935656.204491 1916191.74645 0
935656.197322 1916191.96839 0
935656.190068 1916192.17925 0
935656.182899 1916192.4012 0
935656.17556 1916192.60096 0
935656.177345 1916192.83393 0
935656.161051 1916193.02267 0
935656.162837 1916193.25564 0
935656.164197 1916193.43315 0
935656.148413 1916193.68844 0
935656.141074 1916193.8882 0
935656.142519 1916194.0768 0
935656.135435 1916194.30984 0
935656.128181 1916194.5207 0
935656.129541 1916194.6982 0
935656.113503 1916194.92022 0
935656.124072 1916195.14203 0
935656.107609 1916195.30858 0
935656.109394 1916195.54155 0
935656.110754 1916195.71906 0
935656.103585 1916195.94101 0
935656.105115 1916196.1407 0
935656.097776 1916196.34046 0
935656.090437 1916196.54022 0
935656.091967 1916196.73991 0
935656.084543 1916196.92858 0
935656.077204 1916197.12834 0
935656.078649 1916197.31694 0
935656.07131 1916197.5167 0
935656.063801 1916197.69427 0
935656.065331 1916197.89396 0
935656.057907 1916198.08263 0
935656.059437 1916198.28232 0
935656.051928 1916198.45989 0
935656.044588 1916198.65965 0
935656.046034 1916198.84825 0
935656.029655 1916199.02589 0
935656.031015 1916199.20339 0
935656.014637 1916199.38104 0
935656.015997 1916199.55854 0
935656.008403 1916199.72502 0
935656.009763 1916199.90252 0
935656.002169 1916200.069 0
935655.994574 1916200.23548 0
935655.98698 1916200.40196 0
935655.98817 1916200.55727 0
935655.971707 1916200.72382 0
935655.981681 1916200.86797 0
935655.965048 1916201.01233 0
935655.966238 1916201.16765 0
935655.966833 1916201.24531 0
935655.967513 1916201.33406 0
935655.967938 1916201.38953 0
935655.968108 1916201.41172 0
935655.968363 1916201.445 0
935655.967853 1916201.37843 0
935655.959154 1916201.40069 0
935655.968193 1916201.42281 0
935655.968023 1916201.40062 0
935655.968023 1916201.40062 0
935655.968023 1916201.40062 0
935655.959069 1916201.3896 0
935655.968023 1916201.40062 0
935655.959069 1916201.3896 0
935655.968023 1916201.40062 0
935655.959069 1916201.3896 0
935655.967938 1916201.38953 0
935655.959069 1916201.3896 0
935655.959069 1916201.3896 0
935655.959069 1916201.3896 0
935655.959069 1916201.3896 0
935655.959069 1916201.3896 0
935655.959069 1916201.3896 0
935655.959069 1916201.3896 0
935655.967938 1916201.38953 0
935655.959069 1916201.3896 0
935655.959069 1916201.3896 0
935655.959069 1916201.3896 0
935655.959069 1916201.3896 0
935655.959069 1916201.3896 0
935655.959154 1916201.40069 0
935655.959069 1916201.3896 0
935655.959069 1916201.3896 0
935655.959069 1916201.3896 0
935655.967938 1916201.38953 0
935655.967938 1916201.38953 0
935655.967938 1916201.38953 0
935655.967938 1916201.38953 0
935655.967938 1916201.38953 0
935655.967938 1916201.38953 0
935655.967938 1916201.38953 0
935655.967938 1916201.38953 0
935655.959069 1916201.3896 0
935655.968023 1916201.40062 0
935655.967938 1916201.38953 0
935655.967938 1916201.38953 0
935655.968023 1916201.40062 0
935655.967938 1916201.38953 0
935655.967938 1916201.38953 0
935655.967938 1916201.38953 0
935655.967938 1916201.38953 0
935655.968023 1916201.40062 0
935655.967938 1916201.38953 0
935655.968023 1916201.40062 0
935655.967938 1916201.38953 0
935655.967938 1916201.38953 0
935655.959069 1916201.3896 0
935655.967938 1916201.38953 0
935655.959154 1916201.40069 0
935655.959069 1916201.3896 0
935655.967938 1916201.38953 0
935655.959154 1916201.40069 0
935655.967938 1916201.38953 0
935655.967938 1916201.38953 0
935655.967938 1916201.38953 0
935655.959069 1916201.3896 0
935655.967938 1916201.38953 0
935655.967938 1916201.38953 0
935655.967938 1916201.38953 0
935655.967938 1916201.38953 0
935655.967938 1916201.38953 0
935655.959069 1916201.3896 0
935655.967938 1916201.38953 0
935655.967938 1916201.38953 0
935655.967938 1916201.38953 0
935655.967938 1916201.38953 0
935655.967938 1916201.38953 0
935655.967938 1916201.38953 0
935655.967938 1916201.38953 0
935655.967938 1916201.38953 0
935655.967938 1916201.38953 0
935655.967938 1916201.38953 0
935655.967938 1916201.38953 0
935655.959069 1916201.3896 0
935655.967938 1916201.38953 0
935655.967938 1916201.38953 0
935655.967938 1916201.38953 0
935655.967938 1916201.38953 0
935655.967938 1916201.38953 0
935655.967938 1916201.38953 0
935655.967938 1916201.38953 0
935655.967938 1916201.38953 0
935655.967938 1916201.38953 0
935655.967938 1916201.38953 0
935655.967938 1916201.38953 0
935655.959069 1916201.3896 0
935655.967938 1916201.38953 0
935655.968023 1916201.40062 0
935655.959069 1916201.3896 0
