935527.275943 1915921.0158 0
935526.676717 1915921.53076 0
935525.515192 1915922.74899 0
935524.041853 1915924.94596 0
935523.10053 1915927.11665 0
935522.705128 1915928.76169 0
935522.413938 1915931.27132 0
935522.64189 1915933.23333 0
935523.134145 1915934.96032 0
935523.986216 1915937.33913 0
935525.574208 1915940.83285 0
935528.283183 1915945.9156 0
935532.261099 1915953.37397 0
935536.899114 1915961.31543 0
935540.624883 1915963.66109 0
935541.601659 1915963.79782 0
935543.330573 1915963.69579 0
935544.516391 1915963.33166 0
935546.29384 1915962.61905 0
935550.360543 1915960.84598 0
935560.246601 1915955.66656 0
935569.520829 1915950.51403 0
935571.797815 1915949.00988 0
935573.164197 1915947.90102 0
935574.908063 1915946.27891 0
935575.864225 1915944.88474 0
935576.492803 1915943.57075 0
935576.676362 1915942.06047 0
935576.571815 1915941.15151 0
935576.198453 1915939.88958 0
935575.871227 1915938.86028 0
935575.582033 1915938.16354 0
935574.887827 1915936.70437 0
935573.850016 1915934.39355 0
935569.807828 1915926.6472 0
935566.259939 1915919.74025 0
935561.743979 1915911.52047 0
935556.890888 1915902.13834 0
935552.545393 1915894.17243 0
935547.873595 1915885.29927 0
935542.787134 1915875.5639 0
935540.248888 1915870.7683 0
