935577.833781 1915931.05677 0
935581.964401 1915938.76916 0
935585.374203 1915945.02259 0
935589.182521 1915952.34914 0
935593.053262 1915959.71959 0
935597.812393 1915968.42569 0
935601.870149 1915975.89457 0
935603.604038 1915978.75479 0
935605.297682 1915980.99402 0
935607.911988 1915982.9932 0
935610.852026 1915983.5143 0
935613.393291 1915982.92898 0
935617.036379 1915981.43655 0
935620.977381 1915979.46477 0
935627.559199 1915976.00825 0
935633.980093 1915972.38654 0
935637.237965 1915970.39782 0
935640.144393 1915967.69063 0
935642.046418 1915964.71378 0
935642.746187 1915961.11374 0
935642.585933 1915957.56467 0
935641.585605 1915954.35489 0
