955597.445013 1956918.05043 0
955596.662852 1956917.03389 0
955594.982661 1956914.79063 0
955594.093635 1956913.59715 0
955592.884552 1956911.97268 0
955591.133275 1956909.64104 0
955589.781963 1956907.82872 0
955588.50239 1956906.22682 0
955587.809081 1956905.32075 0
955587.302309 1956904.63558 0
955587.035208 1956904.20431 0
955586.793932 1956903.65086 0
955586.622728 1956902.99718 0
955586.618981 1956902.29822 0
955586.798917 1956901.28762 0
955587.215729 1956900.00947 0
955587.704458 1956898.97503 0
955588.992136 1956897.14856 0
955590.000711 1956895.94491 0
955591.018648 1956894.84105 0
955591.993049 1956893.84839 0
955593.195858 1956892.65479 0
955594.320183 1956891.63912 0
955596.15627 1956890.03162 0
955597.70294 1956888.76961 0
955598.994784 1956887.71976 0
955600.656253 1956886.46823 0
955602.044887 1956885.3624 0
955603.195871 1956884.37988 0
