955554.841006 1956891.81751 0
955554.841006 1956891.81751 0
955554.841006 1956891.81751 0
955554.841006 1956891.81751 0
955554.841006 1956891.81751 0
955554.841006 1956891.81751 0
955554.841006 1956891.81751 0
955554.841006 1956891.81751 0
955554.841006 1956891.81751 0
955554.841006 1956891.81751 0
955554.841006 1956891.81751 0
955554.841006 1956891.81751 0
955554.841006 1956891.81751 0
955554.841006 1956891.81751 0
955554.841006 1956891.81751 0
955554.841006 1956891.81751 0
955554.841006 1956891.81751 0
955554.841006 1956891.81751 0
955554.841006 1956891.81751 0
955554.841006 1956891.81751 0
955554.841006 1956891.81751 0
955554.841006 1956891.81751 0
955554.841065 1956891.8286 0
955554.841065 1956891.8286 0
955554.841065 1956891.8286 0
955554.841065 1956891.8286 0
955554.832239 1956891.82865 0
955554.841065 1956891.8286 0
955554.841065 1956891.8286 0
955554.841065 1956891.8286 0
955554.832239 1956891.82865 0
955554.832239 1956891.82865 0
955554.832239 1956891.82865 0
955554.832239 1956891.82865 0
955554.832239 1956891.82865 0
955554.832239 1956891.82865 0
955554.832239 1956891.82865 0
955554.832239 1956891.82865 0
955554.841065 1956891.8286 0
955554.841065 1956891.8286 0
955554.832239 1956891.82865 0
955554.841065 1956891.8286 0
955554.841065 1956891.8286 0
955554.83218 1956891.81756 0
955554.83218 1956891.81756 0
955554.83218 1956891.81756 0
955554.83218 1956891.81756 0
955554.83218 1956891.81756 0
955554.83218 1956891.81756 0
955554.83218 1956891.81756 0
955554.83218 1956891.81756 0
955554.841065 1956891.8286 0
955554.841065 1956891.8286 0
955554.841065 1956891.8286 0
955554.841006 1956891.81751 0
955554.841065 1956891.8286 0
955554.841006 1956891.81751 0
955554.841065 1956891.8286 0
955554.841006 1956891.81751 0
955554.841065 1956891.8286 0
955554.83218 1956891.81756 0
955554.832239 1956891.82865 0
955554.83218 1956891.81756 0
955554.83218 1956891.81756 0
955554.83218 1956891.81756 0
955554.841006 1956891.81751 0
955554.841006 1956891.81751 0
955554.841065 1956891.8286 0
955554.832239 1956891.82865 0
955554.841065 1956891.8286 0
955554.832239 1956891.82865 0
955554.832239 1956891.82865 0
955554.841065 1956891.8286 0
955554.832239 1956891.82865 0
955554.841065 1956891.8286 0
955554.832239 1956891.82865 0
955554.841065 1956891.8286 0
955554.832239 1956891.82865 0
955554.832239 1956891.82865 0
955554.823413 1956891.8287 0
955554.814647 1956891.83984 0
955554.797054 1956891.85103 0
955554.770695 1956891.87336 0
955554.735569 1956891.90683 0
955554.70921 1956891.92917 0
955554.674084 1956891.96264 0
955554.621366 1956892.0073 0
955554.58624 1956892.04077 0
955554.533522 1956892.08544 0
955554.480744 1956892.119 0
955554.428026 1956892.16367 0
955554.366541 1956892.21947 0
955554.313822 1956892.26413 0
955554.234685 1956892.32003 0
955554.1732 1956892.37584 0
955554.102949 1956892.44278 0
955554.023812 1956892.49868 0
955553.944675 1956892.55458 0
955553.856771 1956892.62162 0
955553.777694 1956892.68862 0
955553.681024 1956892.7668 0
955553.584353 1956892.84498 0
955553.487624 1956892.91207 0
955553.382128 1956892.9903 0
955553.285457 1956893.06848 0
955553.179961 1956893.14671 0
955553.083232 1956893.2138 0
955552.986621 1956893.30308 0
955552.881184 1956893.3924 0
955552.784514 1956893.47059 0
955552.687904 1956893.55986 0
955552.591293 1956893.64914 0
955552.485797 1956893.72737 0
955552.380301 1956893.8056 0
955552.28375 1956893.90597 0
955552.187079 1956893.98416 0
955552.090409 1956894.06234 0
955551.993739 1956894.14052 0
955551.879476 1956894.22989 0
955551.782806 1956894.30808 0
955551.67737 1956894.3974 0
955551.5807 1956894.47558 0
955551.475263 1956894.56491 0
955551.378593 1956894.64309 0
955551.26433 1956894.73246 0
955551.16766 1956894.81065 0
955551.062164 1956894.88888 0
955550.947901 1956894.97825 0
955550.842405 1956895.05648 0
955550.736968 1956895.1458 0
955550.631532 1956895.23513 0
955550.508383 1956895.31345 0
955550.402887 1956895.39168 0
955550.279858 1956895.4922 0
955550.165595 1956895.58157 0
955550.042566 1956895.68209 0
955549.919477 1956895.7715 0
955549.796448 1956895.87202 0
955549.664474 1956895.95039 0
955549.541445 1956896.05091 0
955549.418415 1956896.15142 0
955549.304153 1956896.24079 0
955549.172297 1956896.34135 0
955549.040383 1956896.43082 0
955548.908527 1956896.53138 0
955548.776553 1956896.60975 0
955548.644757 1956896.72141 0
955548.512843 1956896.81088 0
955548.381047 1956896.92253 0
955548.231599 1956897.03428 0
955548.082092 1956897.13494 0
955547.94141 1956897.23555 0
955547.783196 1956897.35844 0
955547.642634 1956897.48124 0
955547.484419 1956897.60413 0
955547.334971 1956897.71588 0
955547.176757 1956897.83878 0
955547.018543 1956897.96167 0
955546.860328 1956898.08456 0
955546.711 1956898.2185 0
955546.552785 1956898.34139 0
955546.394571 1956898.46429 0
955546.245183 1956898.58713 0
955546.069376 1956898.72121 0
955545.919987 1956898.84406 0
955545.753007 1956898.97809 0
955545.57714 1956899.10108 0
955545.401274 1956899.22407 0
955545.234233 1956899.34701 0
955545.058307 1956899.4589 0
955544.900212 1956899.60398 0
955544.724286 1956899.71588 0
955544.539653 1956899.85001 0
955544.372613 1956899.97295 0
955544.179213 1956900.11822 0
955544.029825 1956900.24106 0
955543.82754 1956900.37529 0
955543.669445 1956900.52037 0
955543.484752 1956900.6434 0
955543.309005 1956900.78858 0
955543.142084 1956900.93371 0
955542.966337 1956901.07889 0
955542.790589 1956901.22406 0
955542.606016 1956901.36929 0
955542.439035 1956901.50332 0
955542.254402 1956901.63745 0
955542.069888 1956901.79377 0
955541.885196 1956901.91681 0
955541.700623 1956902.06203 0
955541.498338 1956902.19625 0
955541.313705 1956902.33038 0
955541.11142 1956902.46461 0
955540.926787 1956902.59874 0
955540.724562 1956902.74406 0
955540.539929 1956902.87818 0
955540.337704 1956903.0235 0
955540.144245 1956903.15768 0
955539.959612 1956903.29181 0
955539.766213 1956903.43708 0
955539.572813 1956903.58235 0
955539.38824 1956903.72758 0
955539.194781 1956903.86175 0
955539.001442 1956904.01812 0
955538.808042 1956904.16339 0
955538.632355 1956904.31966 0
955538.447781 1956904.46489 0
955538.263268 1956904.62121 0
955538.069868 1956904.76648 0
955537.876469 1956904.91175 0
955537.68307 1956905.05702 0
955537.498556 1956905.21334 0
955537.296331 1956905.35866 0
955537.111758 1956905.50388 0
955536.909533 1956905.6492 0
955536.698481 1956905.79457 0
955536.505082 1956905.93984 0
955536.29415 1956906.10739 0
955536.083039 1956906.24167 0
955535.880933 1956906.40917 0
955535.669882 1956906.55454 0
955535.467656 1956906.69986 0
955535.247898 1956906.86746 0
955535.036847 1956907.01283 0
955534.817029 1956907.16934 0
955534.606097 1956907.33689 0
955534.395105 1956907.49335 0
955534.184173 1956907.66091 0
955533.964415 1956907.82851 0
955533.762369 1956908.00711 0
955533.551436 1956908.17467 0
955533.366982 1956908.34208 0
955533.138458 1956908.52083 0
955532.945178 1956908.68829 0
955532.72542 1956908.85589 0
955532.523373 1956909.03449 0
955532.303496 1956909.17991 0
955532.092564 1956909.34746 0
955531.881572 1956909.50392 0
955531.661755 1956909.66043 0
955531.450763 1956909.81689 0
955531.239653 1956909.95117 0
955531.019835 1956910.10767 0
955530.81761 1956910.25299 0
955530.597792 1956910.4095 0
955530.404393 1956910.55477 0
955530.193402 1956910.71123 0
955529.991236 1956910.86765 0
955529.780304 1956911.0352 0
955529.586965 1956911.19157 0
955529.384799 1956911.34798 0
955529.182634 1956911.5044 0
955528.980469 1956911.66081 0
955528.769418 1956911.80618 0
955528.576019 1956911.95145 0
955528.365027 1956912.10791 0
955528.171569 1956912.24209 0
955527.969344 1956912.38741 0
955527.767059 1956912.52163 0
955527.564834 1956912.66695 0
955527.362609 1956912.81227 0
955527.178096 1956912.96859 0
955526.967105 1956913.12505 0
955526.791358 1956913.27023 0
955526.589252 1956913.43773 0
955526.404739 1956913.59405 0
955526.220226 1956913.75037 0
955526.026827 1956913.89564 0
955525.833428 1956914.04092 0
955525.640029 1956914.18619 0
955525.44669 1956914.34255 0
955525.261998 1956914.46559 0
955525.059714 1956914.59981 0
955524.875081 1956914.73394 0
955524.681683 1956914.87922 0
955524.488224 1956915.01339 0
955524.294766 1956915.14757 0
955524.110134 1956915.2817 0
955523.934328 1956915.41578 0
955523.749695 1956915.54991 0
955523.565003 1956915.67295 0
955523.380431 1956915.81817 0
955523.186973 1956915.95235 0
955523.011226 1956916.09753 0
955522.817768 1956916.2317 0
955522.633135 1956916.36583 0
955522.466155 1956916.49987 0
955522.272757 1956916.64514 0
955522.105776 1956916.77918 0
955521.912259 1956916.90226 0
955521.736393 1956917.02525 0
955521.560527 1956917.14823 0
955521.384721 1956917.28232 0
955521.208855 1956917.40531 0
955521.03299 1956917.52829 0
955520.857184 1956917.66238 0
955520.690144 1956917.78532 0
955520.505512 1956917.91945 0
955520.338532 1956918.05348 0
955520.162666 1956918.17647 0
955520.004512 1956918.31046 0
955519.828587 1956918.42235 0
955519.670373 1956918.54524 0
955519.5121 1956918.65704 0
955519.353887 1956918.77994 0
955519.195613 1956918.89173 0
955519.046166 1956919.00349 0
955518.905486 1956919.1041 0
955518.747153 1956919.2048 0
955518.606473 1956919.30541 0
955518.465792 1956919.40602 0
955518.325052 1956919.49553 0
955518.184371 1956919.59614 0
955518.052517 1956919.6967 0
955517.920603 1956919.78617 0
955517.797574 1956919.88669 0
955517.674486 1956919.97611 0
955517.560224 1956920.06548 0
955517.437077 1956920.1438 0
955517.331641 1956920.23313 0
955517.208553 1956920.32255 0
955517.102997 1956920.38969 0
955516.988735 1956920.47906 0
955516.883121 1956920.5351 0
955516.777625 1956920.61333 0
955516.680896 1956920.68042 0
955516.584167 1956920.74751 0
955516.505031 1956920.80341 0
955516.452253 1956920.83698 0
955516.381943 1956920.89283 0
955516.329165 1956920.9264 0
955516.302806 1956920.94873 0
955516.29398 1956920.94877 0
955516.302806 1956920.94873 0
955516.311573 1956920.93759 0
955516.311573 1956920.93759 0
955516.320399 1956920.93754 0
955516.320399 1956920.93754 0
955516.320339 1956920.92644 0
955516.329165 1956920.9264 0
955516.320339 1956920.92644 0
955516.329165 1956920.9264 0
955516.329165 1956920.9264 0
955516.320339 1956920.92644 0
955516.329165 1956920.9264 0
955516.320339 1956920.92644 0
955516.329165 1956920.9264 0
955516.329165 1956920.9264 0
955516.320339 1956920.92644 0
955516.329165 1956920.9264 0
955516.320339 1956920.92644 0
955516.329225 1956920.93749 0
955516.329165 1956920.9264 0
955516.329165 1956920.9264 0
955516.329165 1956920.9264 0
955516.329165 1956920.9264 0
955516.329165 1956920.9264 0
955516.329165 1956920.9264 0
955516.329165 1956920.9264 0
955516.329165 1956920.9264 0
955516.329165 1956920.9264 0
955516.329165 1956920.9264 0
955516.329165 1956920.9264 0
955516.320339 1956920.92644 0
955516.320339 1956920.92644 0
955516.320339 1956920.92644 0
955516.329165 1956920.9264 0
955516.320339 1956920.92644 0
955516.320339 1956920.92644 0
955516.320339 1956920.92644 0
955516.320339 1956920.92644 0
955516.320339 1956920.92644 0
955516.320339 1956920.92644 0
955516.329165 1956920.9264 0
955516.329165 1956920.9264 0
955516.320339 1956920.92644 0
955516.320339 1956920.92644 0
955516.320339 1956920.92644 0
955516.320339 1956920.92644 0
955516.320339 1956920.92644 0
955516.329165 1956920.9264 0
955516.329165 1956920.9264 0
955516.329165 1956920.9264 0
955516.329165 1956920.9264 0
955516.320339 1956920.92644 0
955516.329165 1956920.9264 0
955516.329165 1956920.9264 0
955516.329165 1956920.9264 0
955516.320339 1956920.92644 0
955516.329165 1956920.9264 0
955516.329165 1956920.9264 0
955516.329165 1956920.9264 0
955516.329165 1956920.9264 0
955516.329165 1956920.9264 0
955516.329165 1956920.9264 0
955516.329165 1956920.9264 0
955516.329165 1956920.9264 0
955516.329165 1956920.9264 0
955516.329225 1956920.93749 0
955516.329225 1956920.93749 0
955516.329225 1956920.93749 0
955516.329165 1956920.9264 0
955516.329165 1956920.9264 0
955516.329225 1956920.93749 0
955516.329165 1956920.9264 0
955516.329165 1956920.9264 0
955516.329165 1956920.9264 0
955516.329165 1956920.9264 0
955516.329165 1956920.9264 0
955516.329165 1956920.9264 0
955516.329165 1956920.9264 0
955516.329165 1956920.9264 0
955516.329165 1956920.9264 0
955516.329225 1956920.93749 0
955516.329165 1956920.9264 0
955516.329225 1956920.93749 0
955516.329225 1956920.93749 0
955516.329225 1956920.93749 0
955516.329225 1956920.93749 0
955516.329225 1956920.93749 0
955516.329225 1956920.93749 0
955516.329165 1956920.9264 0
955516.329165 1956920.9264 0
955516.329165 1956920.9264 0
955516.329165 1956920.9264 0
955516.329165 1956920.9264 0
955516.329165 1956920.9264 0
955516.329165 1956920.9264 0
