955597.646942 1956917.84964 0
955597.638116 1956917.84969 0
955597.646942 1956917.84964 0
955597.638116 1956917.84969 0
955597.638057 1956917.8386 0
955597.638057 1956917.8386 0
955597.629231 1956917.83864 0
955597.629231 1956917.83864 0
955597.629231 1956917.83864 0
955597.620405 1956917.83869 0
955597.620405 1956917.83869 0
955597.611579 1956917.83874 0
955597.611579 1956917.83874 0
955597.602753 1956917.83878 0
955597.593927 1956917.83883 0
955597.602753 1956917.83878 0
955597.593927 1956917.83883 0
955597.593927 1956917.83883 0
955597.602753 1956917.83878 0
955597.602753 1956917.83878 0
955597.602753 1956917.83878 0
955597.602753 1956917.83878 0
955597.602753 1956917.83878 0
955597.602753 1956917.83878 0
955597.611579 1956917.83874 0
955597.602753 1956917.83878 0
955597.611579 1956917.83874 0
955597.620405 1956917.83869 0
955597.611519 1956917.82764 0
955597.602634 1956917.8166 0
955597.593689 1956917.79445 0
955597.584684 1956917.76122 0
955597.57568 1956917.72798 0
955597.566676 1956917.69474 0
955597.548786 1956917.65046 0
955597.513244 1956917.60627 0
955597.486706 1956917.59532 0
955597.451224 1956917.56222 0
955597.433393 1956917.52903 0
955597.406737 1956917.49589 0
955597.388966 1956917.4738 0
955597.353483 1956917.4407 0
955597.317882 1956917.38542 0
955597.291166 1956917.34118 0
955597.26445 1956917.29695 0
955597.237674 1956917.24162 0
955597.210899 1956917.18628 0
955597.193009 1956917.142 0
955597.157467 1956917.09781 0
955597.121806 1956917.03143 0
955597.077438 1956916.98729 0
955597.041837 1956916.93201 0
955597.006235 1956916.87672 0
955596.979579 1956916.84358 0
955596.935211 1956916.79944 0
955596.908435 1956916.74411 0
955596.88166 1956916.68878 0
955596.846059 1956916.63349 0
955596.810398 1956916.56712 0
955596.774915 1956916.53402 0
955596.730547 1956916.48988 0
955596.686179 1956916.44574 0
955596.615392 1956916.41283 0
955596.553432 1956916.37988 0
955596.491531 1956916.35802 0
955596.438337 1956916.31393 0
955596.385143 1956916.26983 0
955596.296763 1956916.24812 0
955596.243629 1956916.21512 0
955596.190494 1956916.18212 0
955596.119707 1956916.14921 0
955596.066692 1956916.1384 0
955596.004731 1956916.10545 0
955595.933944 1956916.07254 0
955595.871924 1956916.0285 0
955595.792371 1956916.00673 0
955595.774421 1956915.95135 0
955595.712342 1956915.89621 0
955595.650322 1956915.85216 0
955595.605835 1956915.78583 0
955595.561467 1956915.74169 0
955595.525925 1956915.6975 0
955595.490383 1956915.65331 0
955595.454781 1956915.59803 0
955595.401528 1956915.54284 0
955595.339508 1956915.49879 0
955595.303906 1956915.44351 0
955595.250653 1956915.38832 0
955595.206225 1956915.33308 0
955595.170624 1956915.2778 0
955595.126196 1956915.22256 0
955595.08165 1956915.14514 0
955595.045989 1956915.07876 0
955594.983909 1956915.02362 0
955594.939482 1956914.96838 0
955594.886109 1956914.891 0
955594.815144 1956914.82481 0
955594.770717 1956914.76958 0
955594.717344 1956914.6922 0
955594.681683 1956914.62582 0
955594.619544 1956914.55959 0
955594.575057 1956914.49325 0
955594.521744 1956914.42697 0
955594.477198 1956914.34955 0
955594.441597 1956914.29426 0
955594.388284 1956914.22798 0
955594.326144 1956914.16174 0
955594.264065 1956914.1066 0
955594.219637 1956914.05136 0
955594.166324 1956913.98508 0
955594.113011 1956913.9188 0
955594.068524 1956913.85246 0
955594.015211 1956913.78618 0
955593.970724 1956913.71985 0
955593.926178 1956913.64242 0
955593.88175 1956913.58719 0
955593.828437 1956913.5209 0
955593.78395 1956913.45457 0
955593.721811 1956913.38834 0
955593.677324 1956913.32201 0
955593.624011 1956913.25572 0
955593.579524 1956913.18939 0
955593.534978 1956913.11197 0
955593.481724 1956913.05678 0
955593.446004 1956912.9793 0
955593.392691 1956912.91302 0
955593.348204 1956912.84669 0
955593.286124 1956912.79155 0
955593.241637 1956912.72522 0
955593.179498 1956912.65898 0
955593.143837 1956912.5926 0
955593.09941 1956912.53737 0
955593.054923 1956912.47103 0
955593.019203 1956912.39356 0
955592.974775 1956912.33833 0
955592.930229 1956912.2609 0
955592.885801 1956912.20566 0
955592.841314 1956912.13933 0
955592.787882 1956912.05086 0
955592.716976 1956911.99576 0
955592.681256 1956911.91829 0
955592.627943 1956911.85201 0
955592.583515 1956911.79677 0
955592.51255 1956911.73058 0
955592.47683 1956911.65311 0
955592.41475 1956911.59797 0
955592.370204 1956911.52054 0
955592.325717 1956911.45421 0
955592.272404 1956911.38793 0
955592.210265 1956911.32169 0
955592.156952 1956911.25541 0
955592.103698 1956911.20022 0
955592.068097 1956911.14494 0
955592.02361 1956911.0786 0
955591.970356 1956911.02341 0
955591.925869 1956910.95708 0
955591.881382 1956910.89075 0
955591.845781 1956910.83547 0
955591.801353 1956910.78023 0
955591.756866 1956910.7139 0
955591.703612 1956910.65871 0
955591.659185 1956910.60348 0
955591.605931 1956910.54829 0
955591.561444 1956910.48196 0
955591.525902 1956910.43777 0
955591.463763 1956910.37153 0
955591.428102 1956910.30515 0
955591.383556 1956910.22773 0
955591.339128 1956910.17249 0
955591.294582 1956910.09507 0
955591.250095 1956910.02873 0
955591.187956 1956909.9625 0
955591.134702 1956909.90731 0
955591.090274 1956909.85207 0
955591.037021 1956909.79688 0
955591.00136 1956909.7305 0
955590.948047 1956909.66422 0
955590.90356 1956909.59789 0
955590.859073 1956909.53156 0
955590.80576 1956909.46528 0
955590.770099 1956909.3989 0
955590.690248 1956909.32166 0
955590.636875 1956909.24428 0
955590.574677 1956909.16695 0
955590.521423 1956909.11176 0
955590.468051 1956909.03438 0
955590.405912 1956908.96815 0
955590.35248 1956908.87968 0
955590.307933 1956908.80225 0
955590.245794 1956908.73601 0
955590.201366 1956908.68078 0
955590.148053 1956908.61449 0
955590.094562 1956908.51493 0
955590.041308 1956908.45974 0
955589.996821 1956908.39341 0
955589.934623 1956908.31607 0
955589.890255 1956908.27193 0
955589.836823 1956908.18346 0
955589.792336 1956908.11713 0
955589.747789 1956908.0397 0
955589.694476 1956907.97342 0
955589.641163 1956907.90714 0
955589.579024 1956907.8409 0
955589.525651 1956907.76352 0
955589.463512 1956907.69729 0
955589.410199 1956907.631 0
955589.34806 1956907.56477 0
955589.303573 1956907.49843 0
955589.232608 1956907.43225 0
955589.187942 1956907.33263 0
955589.125862 1956907.27749 0
955589.072609 1956907.2223 0
955589.01041 1956907.14497 0
955588.948152 1956907.05654 0
955588.877127 1956906.97926 0
955588.814929 1956906.90193 0
955588.761616 1956906.83565 0
955588.71701 1956906.74713 0
955588.645985 1956906.66984 0
955588.592553 1956906.58137 0
955588.53918 1956906.50399 0
955588.494634 1956906.42656 0
955588.432435 1956906.34923 0
955588.370237 1956906.2719 0
955588.307979 1956906.18348 0
955588.254606 1956906.1061 0
955588.192467 1956906.03986 0
955588.147861 1956905.95134 0
955588.076836 1956905.87406 0
955588.014578 1956905.78563 0
955587.978798 1956905.69707 0
955587.9166 1956905.61974 0
955587.85446 1956905.5535 0
955587.792202 1956905.46507 0
955587.73883 1956905.3877 0
955587.676572 1956905.29927 0
955587.623199 1956905.22189 0
955587.578652 1956905.14447 0
955587.533987 1956905.04485 0
955587.471729 1956904.95643 0
955587.435949 1956904.86786 0
955587.391402 1956904.79043 0
955587.338089 1956904.72415 0
955587.30225 1956904.62449 0
955587.257584 1956904.52487 0
955587.204271 1956904.45859 0
955587.177317 1956904.36997 0
955587.15913 1956904.27022 0
955587.132236 1956904.1927 0
955587.096396 1956904.09304 0
955587.078209 1956903.99328 0
955587.060081 1956903.90462 0
955587.041953 1956903.81595 0
955587.015059 1956903.73843 0
955587.005757 1956903.64972 0
955586.98757 1956903.54997 0
955586.969442 1956903.46131 0
955586.960199 1956903.38369 0
955586.968431 1956903.2727 0
955586.985607 1956903.18385 0
955586.985191 1956903.10619 0
955587.002308 1956903.00624 0
955587.019544 1956902.92848 0
955587.018949 1956902.81754 0
955587.018295 1956902.6955 0
955587.044238 1956902.5955 0
955587.052588 1956902.5067 0
955587.069527 1956902.37347 0
955587.077936 1956902.29576 0
955587.094994 1956902.18472 0
955587.120996 1956902.09582 0
955587.129406 1956902.01811 0
955587.137697 1956901.91821 0
955587.154814 1956901.81827 0
955587.163105 1956901.71837 0
955587.171455 1956901.62956 0
955587.197398 1956901.52957 0
955587.214515 1956901.42963 0
955587.240458 1956901.32963 0
955587.275167 1956901.2185 0
955587.309996 1956901.12955 0
955587.344884 1956901.0517 0
955587.362001 1956900.95175 0
955587.396651 1956900.82952 0
955587.422594 1956900.72953 0
955587.466308 1956900.65163 0
955587.509903 1956900.55155 0
955587.553557 1956900.46255 0
955587.623512 1956900.34013 0
955587.65834 1956900.25119 0
955587.710821 1956900.16215 0
955587.772127 1956900.07306 0
955587.79813 1956899.98416 0
955587.850432 1956899.86184 0
955587.911739 1956899.77275 0
955587.946508 1956899.67271 0
955587.999048 1956899.59476 0
955588.042643 1956899.49467 0
955588.086238 1956899.39459 0
955588.138719 1956899.30555 0
955588.191259 1956899.2276 0
955588.243739 1956899.13856 0
955588.33093 1956898.93838 0
955588.38347 1956898.86044 0
955588.418239 1956898.7604 0
955588.461893 1956898.6714 0
955588.496603 1956898.56027 0
955588.575562 1956898.47109 0
955588.654461 1956898.37081 0
955588.715768 1956898.28172 0
955588.759541 1956898.21492 0
955588.803018 1956898.09264 0
955588.855498 1956898.0036 0
955588.907979 1956897.91456 0
955588.960519 1956897.83661 0
955588.98664 1956897.7699 0
955589.047888 1956897.66972 0
955589.100428 1956897.59178 0
955589.161794 1956897.51378 0
955589.214334 1956897.43584 0
955589.258048 1956897.35794 0
955589.319295 1956897.25776 0
955589.354005 1956897.14662 0
955589.424197 1956897.06858 0
955589.476678 1956896.97954 0
955589.537984 1956896.89045 0
955589.581758 1956896.82365 0
955589.660657 1956896.72337 0
955589.722024 1956896.64538 0
955589.774504 1956896.55634 0
955589.879406 1956896.36716 0
955589.923061 1956896.27817 0
955589.984367 1956896.18908 0
955590.05456 1956896.11104 0
955590.115807 1956896.01086 0
955590.194766 1956895.92168 0
955590.256013 1956895.82149 0
955590.326265 1956895.75455 0
955590.387631 1956895.67655 0
955590.431286 1956895.58756 0
955590.510423 1956895.53166 0
955590.554018 1956895.43157 0
955590.615444 1956895.36468 0
955590.67681 1956895.28668 0
955590.738176 1956895.20869 0
955590.808428 1956895.14174 0
955590.87862 1956895.0637 0
955590.93116 1956894.98576 0
955591.001352 1956894.90772 0
955591.071604 1956894.84077 0
955591.141796 1956894.76273 0
955591.203044 1956894.66255 0
955591.282062 1956894.58446 0
955591.325776 1956894.50656 0
955591.413739 1956894.45062 0
955591.474987 1956894.35043 0
955591.554184 1956894.30563 0
955591.61555 1956894.22764 0
955591.676916 1956894.14964 0
955591.747108 1956894.0716 0
955591.817301 1956893.99356 0
955591.887433 1956893.90443 0
955591.957685 1956893.83748 0
955592.027877 1956893.75944 0
955592.115722 1956893.68131 0
955592.177207 1956893.6255 0
955592.24734 1956893.53637 0
955592.317592 1956893.46942 0
955592.405495 1956893.40238 0
955592.475688 1956893.32434 0
955592.554587 1956893.22406 0
955592.62478 1956893.14602 0
955592.686265 1956893.09022 0
955592.782876 1956893.00094 0
955592.853127 1956892.93399 0
955592.923498 1956892.88924 0
955593.011402 1956892.8222 0
955593.072828 1956892.7553 0
955593.160672 1956892.67716 0
955593.248457 1956892.58793 0
955593.309883 1956892.52104 0
955593.406791 1956892.48723 0
955593.468039 1956892.38705 0
955593.556121 1956892.35329 0
955593.635139 1956892.2752 0
955593.723043 1956892.20816 0
955593.793236 1956892.13012 0
955593.881199 1956892.07418 0
955593.942744 1956892.02947 0
955594.012876 1956891.94033 0
955594.074243 1956891.86234 0
955594.135728 1956891.80654 0
955594.232398 1956891.72835 0
955594.293884 1956891.67255 0
955594.399499 1956891.61651 0
955594.478636 1956891.56061 0
955594.548829 1956891.48257 0
955594.636733 1956891.41553 0
955594.715692 1956891.32635 0
955594.794829 1956891.27045 0
955594.882733 1956891.20341 0
955594.961751 1956891.12532 0
955595.049655 1956891.05828 0
955595.128793 1956891.00238 0
955595.216696 1956890.93534 0
955595.295774 1956890.86835 0
955595.383678 1956890.80131 0
955595.462697 1956890.72322 0
955595.532948 1956890.65627 0
955595.620852 1956890.58923 0
955595.691223 1956890.54448 0
955595.779008 1956890.45525 0
955595.840672 1956890.43273 0
955595.946109 1956890.3434 0
955596.034013 1956890.27636 0
955596.11321 1956890.23156 0
955596.183461 1956890.16461 0
955596.26248 1956890.08652 0
955596.323846 1956890.00853 0
955596.41175 1956889.94149 0
955596.473176 1956889.87459 0
955596.56102 1956889.79646 0
955596.640158 1956889.74056 0
955596.728062 1956889.67352 0
955596.824792 1956889.60643 0
955596.895163 1956889.56167 0
955596.965295 1956889.47254 0
955597.062025 1956889.40545 0
955597.141044 1956889.32736 0
955597.228888 1956889.24923 0
955597.316674 1956889.16 0
955597.387104 1956889.12634 0
955597.501308 1956889.02587 0
955597.571738 1956888.99221 0
955597.677353 1956888.93617 0
955597.756253 1956888.83589 0
955597.861868 1956888.77985 0
955597.940827 1956888.69067 0
955598.037498 1956888.61248 0
955598.107928 1956888.57882 0
955598.195773 1956888.50069 0
955598.283558 1956888.41146 0
955598.371581 1956888.36661 0
955598.485904 1956888.28833 0
955598.556155 1956888.22138 0
955598.643881 1956888.12106 0
955598.740671 1956888.06507 0
955598.828396 1956887.96474 0
955598.898826 1956887.93108 0
955598.977785 1956887.8419 0
955599.074634 1956887.797 0
955599.162479 1956887.71886 0
955599.241497 1956887.64078 0
955599.320516 1956887.56269 0
955599.408539 1956887.51784 0
955599.496324 1956887.42861 0
955599.566516 1956887.35057 0
955599.654301 1956887.26134 0
955599.715906 1956887.22772 0
955599.794746 1956887.11635 0
955599.85629 1956887.07164 0
955599.935309 1956886.99355 0
955600.00562 1956886.9377 0
955600.075575 1956886.81528 0
955600.154831 1956886.78158 0
955600.233671 1956886.6702 0
955600.294978 1956886.58112 0
955600.356404 1956886.51422 0
955600.435482 1956886.44722 0
955600.531974 1956886.33576 0
955600.628645 1956886.25758 0
955600.672478 1956886.20187 0
955600.76903 1956886.1015 0
955600.839282 1956886.03455 0
955600.9183 1956885.95646 0
955600.953248 1956885.8897 0
955601.049859 1956885.80043 0
955601.102399 1956885.72248 0
955601.207896 1956885.64425 0
955601.286974 1956885.57726 0
955601.374819 1956885.49912 0
955601.409766 1956885.43237 0
955601.479959 1956885.35433 0
955601.53238 1956885.25419 0
955601.558442 1956885.17639 0
955601.637639 1956885.13158 0
955601.690179 1956885.05364 0
955601.760312 1956884.9645 0
955601.812674 1956884.85327 0
955601.873803 1956884.7309 0
955601.926284 1956884.64186 0
955601.978765 1956884.55282 0
955602.048957 1956884.47478 0
955602.101498 1956884.39684 0
955602.162864 1956884.31884 0
955602.206459 1956884.21875 0
955602.241466 1956884.16309 0
955602.329311 1956884.08496 0
955602.381911 1956884.01811 0
955602.452222 1956883.96226 0
955602.504822 1956883.8954 0
955602.548477 1956883.80641 0
955602.565772 1956883.73975 0
955602.688505 1956883.58376 0
955602.723393 1956883.50591 0
955602.793645 1956883.43897 0
955602.819053 1956883.23912 0
955602.924431 1956883.1387 0
955603.012216 1956883.04947 0
955603.082409 1956882.97143 0
955603.108412 1956882.88253 0
955603.169778 1956882.80454 0
955603.222318 1956882.72659 0
955603.310163 1956882.64846 0
955603.380296 1956882.55932 0
955603.42401 1956882.48143 0
955603.503029 1956882.40334 0
955603.537976 1956882.33658 0
955603.62594 1956882.28064 0
955603.70484 1956882.18036 0
955603.730842 1956882.09146 0
955603.765552 1956881.98033 0
955603.799905 1956881.80262 0
955603.843322 1956881.66925 0
955603.842906 1956881.59159 0
955603.886383 1956881.46931 0
955603.859251 1956881.34741 0
955603.840945 1956881.22547 0
955603.849117 1956881.10338 0
955603.821806 1956880.9482 0
955603.892177 1956880.90344 0
955603.891523 1956880.7814 0
955603.899517 1956880.62603 0
955603.889918 1956880.48185 0
955603.933454 1956880.37067 0
955603.923974 1956880.24867 0
955603.905549 1956880.10454 0
955603.89601 1956879.97145 0
955603.931493 1956880.00454 0
955603.930898 1956879.8936 0
955603.903825 1956879.78279 0
955603.920764 1956879.64957 0
955603.867213 1956879.5389 0
955603.840022 1956879.40591 0
955603.760528 1956879.39524 0
955603.751345 1956879.32872 0
955603.688611 1956879.15154 0
955603.653307 1956879.15173 0
955603.635239 1956879.07416 0
955603.590751 1956879.00783 0
955603.57304 1956878.99683 0
955603.554972 1956878.91926 0
955603.537319 1956878.91936 0
955603.501718 1956878.86407 0
955603.483947 1956878.84198 0
955603.45729 1956878.80884 0
955603.483709 1956878.7976 0
955603.448345 1956878.78669 0
955603.439281 1956878.74236 0
955603.430336 1956878.72022 0
955603.412565 1956878.69813 0
955603.421332 1956878.68698 0
955603.341719 1956878.65413 0
955603.306355 1956878.64322 0
955603.288822 1956878.6655 0
955603.270873 1956878.61013 0
955603.226802 1956878.62146 0
955603.235449 1956878.58813 0
955603.244157 1956878.56589 0
955603.261928 1956878.58798 0
