955597.337615 1956917.77364 0
955596.910754 1956917.1768 0
955595.257636 1956915.04434 0
955592.634926 1956911.50803 0
955591.203408 1956909.5519 0
955590.732238 1956908.92202 0
955590.145496 1956908.13743 0
955589.638784 1956907.46335 0
955588.171366 1956905.39647 0
955587.214074 1956902.99401 0
955587.212017 1956900.96365 0
955587.854322 1956898.94094 0
955589.044617 1956897.05952 0
955590.360558 1956895.56575 0
955591.615906 1956894.2942 0
955592.617143 1956893.36796 0
955594.488473 1956891.74917 0
955596.026138 1956890.45392 0
955597.599286 1956889.19177 0
955599.673499 1956887.5497 0
955601.192384 1956886.04375 0
955602.411183 1956884.53941 0
955603.758807 1956882.36868 0
955604.53446 1956880.52277 0
955605.171928 1956879.24345 0
955605.26007 1956879.22078 0
955605.251243 1956879.22083 0
955605.251243 1956879.22083 0
955605.26007 1956879.22078 0
