955604.481328 1956883.78496 3
955604.481328 1956883.78496 3
955604.481328 1956883.78496 3
955604.481328 1956883.78496 3
955604.481328 1956883.78496 3
955604.481387 1956883.79605 3
955604.481328 1956883.78496 3
955604.481387 1956883.79605 3
955604.481328 1956883.78496 3
955604.481328 1956883.78496 3
955604.481328 1956883.78496 3
955604.490094 1956883.77382 3
955604.490094 1956883.77382 3
955604.490154 1956883.78491 3
955604.490094 1956883.77382 3
955604.49898 1956883.78486 3
955604.49898 1956883.78486 3
955604.49898 1956883.78486 3
955604.49892 1956883.77377 3
955604.49898 1956883.78486 3
955604.49892 1956883.77377 3
955604.49892 1956883.77377 3
955604.49892 1956883.77377 3
955604.498861 1956883.76268 3
955604.490035 1956883.76272 3
955604.490035 1956883.76272 3
955604.490035 1956883.76272 3
955604.490035 1956883.76272 3
955604.481209 1956883.76277 3
955604.481209 1956883.76277 3
955604.472442 1956883.77391 3
955604.463676 1956883.78505 3
955604.446083 1956883.79624 3
955604.428431 1956883.79634 3
955604.40219 1956883.84086 3
955604.37589 1956883.87428 3
955604.358298 1956883.88547 3
955604.340764 1956883.90776 3
955604.323112 1956883.90785 3
955604.287986 1956883.94132 3
955604.235268 1956883.98599 3
955604.182668 1956884.05284 3
955604.138716 1956884.08636 3
955604.085938 1956884.11993 3
955604.041926 1956884.14235 3
955604.024393 1956884.16463 3
955603.989326 1956884.2092 3
955603.945256 1956884.22053 3
955603.901422 1956884.27624 3
955603.866237 1956884.29862 3
955603.831052 1956884.321 3
955603.795926 1956884.35447 3
955603.751914 1956884.3769 3
955603.699314 1956884.44375 3
955603.655362 1956884.47727 3
955603.602584 1956884.51084 3
955603.558454 1956884.51107 3
955603.505676 1956884.54464 3
955603.470609 1956884.58921 3
955603.426657 1956884.62273 3
955603.382824 1956884.67844 3
955603.347698 1956884.71191 3
955603.295039 1956884.76767 3
955603.259853 1956884.79005 3
955603.198309 1956884.83475 3
955603.154238 1956884.84609 3
955603.101519 1956884.89075 3
955603.057508 1956884.91317 3
955603.004789 1956884.95784 3
955602.97843 1956884.98017 3
955602.934537 1956885.02478 3
955602.881759 1956885.05835 3
955602.837807 1956885.09187 3
955602.793914 1956885.13648 3
955602.749962 1956885.17 3
955602.697184 1956885.20357 3
955602.653173 1956885.226 3
955602.591628 1956885.27071 3
955602.547616 1956885.29313 3
955602.486072 1956885.33784 3
955602.450886 1956885.36022 3
955602.398168 1956885.40488 3
955602.363042 1956885.43835 3
955602.310323 1956885.48302 3
955602.257664 1956885.53877 3
955602.213712 1956885.57229 3
955602.178586 1956885.60577 3
955602.134634 1956885.63929 3
955602.090682 1956885.67281 3
955602.04667 1956885.69523 3
955601.993833 1956885.71771 3
955601.941114 1956885.76237 3
955601.897162 1956885.79589 3
955601.835617 1956885.8406 3
955601.791665 1956885.87412 3
955601.747476 1956885.86326 3
955601.703464 1956885.88569 3
955601.659572 1956885.9303 3
955601.61556 1956885.95273 3
955601.554134 1956886.01962 3
955601.510123 1956886.04205 3
955601.457404 1956886.08671 3
955601.404567 1956886.10918 3
955601.342962 1956886.1428 3
955601.290006 1956886.14308 3
955601.246173 1956886.19879 3
955601.193395 1956886.23236 3
955601.140795 1956886.29921 3
955601.088017 1956886.33278 3
955601.035358 1956886.38854 3
955600.98258 1956886.4221 3
955600.930039 1956886.50005 3
955600.87738 1956886.55581 3
955600.833488 1956886.60042 3
955600.771943 1956886.64513 3
955600.727931 1956886.66756 3
955600.675094 1956886.69003 3
955600.640027 1956886.7346 3
955600.587309 1956886.77926 3
955600.534352 1956886.77954 3
955600.481634 1956886.8242 3
955600.437682 1956886.85772 3
955600.393789 1956886.90234 3
955600.349897 1956886.94695 3
955600.305885 1956886.96938 3
955600.253107 1956887.00295 3
955600.200388 1956887.04761 3
955600.147551 1956887.07008 3
955600.103658 1956887.1147 3
955600.068592 1956887.15926 3
955600.015754 1956887.18174 3
955599.971862 1956887.22635 3
955599.92785 1956887.24878 3
955599.875251 1956887.31563 3
955599.831358 1956887.36024 3
955599.77858 1956887.39381 3
955599.734628 1956887.42733 3
955599.68179 1956887.4498 3
955599.637898 1956887.49442 3
955599.593946 1956887.52794 3
955599.549994 1956887.56146 3
955599.514868 1956887.59493 3
955599.46209 1956887.6285 3
955599.426964 1956887.66197 3
955599.383012 1956887.69549 3
955599.330174 1956887.71797 3
955599.294989 1956887.74034 3
955599.251037 1956887.77386 3
955599.198318 1956887.81853 3
955599.154247 1956887.82986 3
955599.101588 1956887.88561 3
955599.066343 1956887.8969 3
955599.013565 1956887.93047 3
955598.97838 1956887.95284 3
955598.925602 1956887.98641 3
955598.890535 1956888.03098 3
955598.837757 1956888.06455 3
955598.785039 1956888.10921 3
955598.741027 1956888.13163 3
955598.688368 1956888.18739 3
955598.644476 1956888.23201 3
955598.591697 1956888.26557 3
955598.521386 1956888.32142 3
955598.459782 1956888.35504 3
955598.398297 1956888.41084 3
955598.336633 1956888.43336 3
955598.283915 1956888.47803 3
955598.222429 1956888.53383 3
955598.160944 1956888.58963 3
955598.090573 1956888.63439 3
955598.037795 1956888.66796 3
955597.976191 1956888.70157 3
955597.914706 1956888.75738 3
955597.861868 1956888.77985 3
955597.800324 1956888.82456 3
955597.738779 1956888.86927 3
955597.694827 1956888.90279 3
955597.633342 1956888.95859 3
955597.580623 1956889.00325 3
955597.519079 1956889.04796 3
955597.457653 1956889.11486 3
955597.422467 1956889.13724 3
955597.360982 1956889.19305 3
955597.316911 1956889.20438 3
955597.2466 1956889.26023 3
955597.193763 1956889.2827 3
955597.141103 1956889.33846 3
955597.088325 1956889.37202 3
955597.044373 1956889.40554 3
955596.991655 1956889.45021 3
955596.93011 1956889.49492 3
955596.877391 1956889.53958 3
955596.833499 1956889.58419 3
955596.789606 1956889.62881 3
955596.745654 1956889.66233 3
955596.692936 1956889.70699 3
955596.649043 1956889.75161 3
955596.58738 1956889.77413 3
955596.543428 1956889.80765 3
955596.490709 1956889.85231 3
955596.446638 1956889.86364 3
955596.39392 1956889.9083 3
955596.349908 1956889.93073 3
955596.297309 1956889.99758 3
955596.235764 1956890.04229 3
955596.191871 1956890.0869 3
955596.148038 1956890.14261 3
955596.095141 1956890.15399 3
955596.042363 1956890.18756 3
955595.989704 1956890.24331 3
955595.945693 1956890.26574 3
955595.892974 1956890.3104 3
955595.848963 1956890.33283 3
955595.796125 1956890.3553 3
955595.743526 1956890.42215 3
955595.690748 1956890.45572 3
955595.646855 1956890.50033 3
955595.602962 1956890.54495 3
955595.55901 1956890.57847 3
955595.506351 1956890.63423 3
955595.453514 1956890.6567 3
955595.391969 1956890.70141 3
955595.339132 1956890.72388 3
955595.259875 1956890.75759 3
955595.215924 1956890.79111 3
955595.163205 1956890.83577 3
955595.10172 1956890.89158 3
955595.049001 1956890.93624 3
955594.987338 1956890.95876 3
955594.934678 1956891.01452 3
955594.873134 1956891.05923 3
955594.820415 1956891.10389 3
955594.758811 1956891.1375 3
955594.697266 1956891.18221 3
955594.635662 1956891.21583 3
955594.574118 1956891.26054 3
955594.512573 1956891.30525 3
955594.442083 1956891.32781 3
955594.389484 1956891.39466 3
955594.336765 1956891.43933 3
955594.284166 1956891.50618 3
955594.231388 1956891.53975 3
955594.169902 1956891.59555 3
955594.117184 1956891.64021 3
955594.055639 1956891.68492 3
955593.985268 1956891.72968 3
955593.923724 1956891.77439 3
955593.853413 1956891.83024 3
955593.783042 1956891.875 3
955593.712731 1956891.93085 3
955593.651305 1956891.99775 3
955593.580994 1956892.0536 3
955593.510623 1956892.09835 3
955593.431426 1956892.14316 3
955593.343463 1956892.1991 3
955593.273092 1956892.24386 3
955593.194133 1956892.33304 3
955593.123703 1956892.3667 3
955593.044625 1956892.4337 3
955592.965547 1956892.50069 3
955592.88641 1956892.55659 3
955592.81598 1956892.59025 3
955592.736962 1956892.66834 3
955592.648879 1956892.7021 3
955592.560916 1956892.75804 3
955592.490605 1956892.81389 3
955592.402701 1956892.88093 3
955592.323564 1956892.93683 3
955592.244486 1956893.00383 3
955592.174115 1956893.04858 3
955592.095037 1956893.11558 3
955592.007074 1956893.17152 3
955591.927758 1956893.19414 3
955591.866332 1956893.26104 3
955591.795962 1956893.30579 3
955591.734477 1956893.3616 3
955591.646692 1956893.45083 3
955591.567614 1956893.51782 3
955591.497303 1956893.57367 3
955591.418106 1956893.61847 3
955591.356502 1956893.65209 3
955591.277483 1956893.73018 3
955591.215998 1956893.78598 3
955591.145747 1956893.85293 3
955591.075257 1956893.87549 3
955591.004946 1956893.93135 3
955590.925927 1956894.00943 3
955590.84679 1956894.06533 3
955590.776538 1956894.13228 3
955590.714994 1956894.17699 3
955590.644623 1956894.22174 3
955590.565545 1956894.28874 3
955590.495234 1956894.34459 3
955590.407152 1956894.37835 3
955590.3369 1956894.44529 3
955590.275356 1956894.49 3
955590.178626 1956894.55709 3
955590.099607 1956894.63518 3
955590.02053 1956894.70217 3
955589.941452 1956894.76916 3
955589.862314 1956894.82506 3
955589.783118 1956894.86987 3
955589.695154 1956894.92581 3
955589.616017 1956894.98171 3
955589.53688 1956895.03761 3
955589.457624 1956895.07132 3
955589.378546 1956895.13831 3
955589.299468 1956895.20531 3
955589.229276 1956895.28335 3
955589.167731 1956895.32806 3
955589.079828 1956895.3951 3
955588.991864 1956895.45104 3
955588.903782 1956895.4848 3
955588.83353 1956895.55175 3
955588.763279 1956895.61869 3
955588.666549 1956895.68578 3
955588.596178 1956895.73054 3
955588.525986 1956895.80858 3
955588.446967 1956895.88666 3
955588.376597 1956895.93142 3
955588.29746 1956895.98732 3
955588.209556 1956896.05436 3
955588.130359 1956896.09916 3
955588.051222 1956896.15506 3
955587.980732 1956896.17763 3
955587.892828 1956896.24467 3
955587.813691 1956896.30057 3
955587.743321 1956896.34533 3
955587.664243 1956896.41232 3
955587.602698 1956896.45703 3
955587.52362 1956896.52402 3
955587.444364 1956896.55773 3
955587.356401 1956896.61368 3
955587.28603 1956896.65843 3
955587.224545 1956896.71424 3
955587.163179 1956896.79223 3
955587.084101 1956896.85923 3
955586.996138 1956896.91517 3
955586.908056 1956896.94893 3
955586.84669 1956897.02692 3
955586.758786 1956897.09396 3
955586.670942 1956897.1721 3
955586.609457 1956897.2279 3
955586.539264 1956897.30594 3
955586.451242 1956897.35079 3
955586.372045 1956897.3956 3
955586.293027 1956897.47369 3
955586.222775 1956897.54063 3
955586.143519 1956897.57434 3
955586.064263 1956897.60805 3
955585.985304 1956897.69723 3
955585.897341 1956897.75318 3
955585.818144 1956897.79798 3
955585.738888 1956897.83169 3
955585.668517 1956897.87645 3
955585.589499 1956897.95454 3
955585.519128 1956897.99929 3
955585.448877 1956898.06624 3
955585.369561 1956898.08885 3
955585.290543 1956898.16694 3
955585.220172 1956898.2117 3
955585.141035 1956898.2676 3
955585.061898 1956898.3235 3
955584.982939 1956898.41268 3
955584.921395 1956898.45739 3
955584.842138 1956898.4911 3
955584.754235 1956898.55814 3
955584.675097 1956898.61404 3
955584.534594 1956898.74793 3
955584.464283 1956898.80378 3
955584.385205 1956898.87077 3
955584.306009 1956898.91558 3
955584.226812 1956898.96038 3
955584.165267 1956899.00509 3
955584.08619 1956899.07209 3
955584.015938 1956899.13903 3
955583.928153 1956899.22826 3
955583.866668 1956899.28407 3
955583.796238 1956899.31773 3
955583.743579 1956899.37348 3
955583.664323 1956899.40719 3
955583.594012 1956899.46305 3
955583.514637 1956899.47457 3
955583.444147 1956899.49713 3
955583.373836 1956899.55298 3
955583.303466 1956899.59774 3
955583.224626 1956899.70911 3
955583.145608 1956899.7872 3
955583.084063 1956899.83191 3
955583.040111 1956899.86543 3
955582.969681 1956899.89909 3
955582.908256 1956899.96599 3
955582.829119 1956900.02189 3
955582.767396 1956900.03332 3
955582.705911 1956900.08912 3
955582.653192 1956900.13378 3
955582.582881 1956900.18963 3
955582.521336 1956900.23434 3
955582.477385 1956900.26786 3
955582.415959 1956900.33476 3
955582.372067 1956900.37938 3
955582.319348 1956900.42404 3
955582.257923 1956900.49094 3
955582.1962 1956900.50236 3
955582.125829 1956900.54712 3
955582.064285 1956900.59183 3
955582.011626 1956900.64759 3
955581.950081 1956900.6923 3
955581.897482 1956900.75915 3
955581.835997 1956900.81495 3
955581.774452 1956900.85966 3
955581.712967 1956900.91547 3
955581.669075 1956900.96008 3
955581.607471 1956900.9937 3
955581.554812 1956901.04945 3
955581.493208 1956901.08307 3
955581.431485 1956901.09449 3
955581.378707 1956901.12806 3