935652.9852558445 1916115.5795966617
935652.9970322223 1916115.608186638
935653.0088086001 1916115.6367766142
935653.0205849779 1916115.6653665907
935653.0323613556 1916115.693956567
935653.0441377334 1916115.7225465432
935653.0559141112 1916115.7511365195
935653.067690489 1916115.7797264957
935653.0794668668 1916115.808316472
935653.0912432446 1916115.8369064485
935653.1030196223 1916115.8654964247
935653.1147960001 1916115.894086401
935653.1265723779 1916115.9226763772
935653.1383487557 1916115.9512663535
935653.1501251335 1916115.97985633
935653.1619015113 1916116.0084463062
935653.1736778889 1916116.0370362825
935653.1854542667 1916116.0656262587
935653.1972306445 1916116.094216235
935653.2090070223 1916116.1228062112
935653.2207834001 1916116.1513961877
935653.2325597779 1916116.179986164
935653.2443361557 1916116.2085761402
935653.2561125334 1916116.2371661165
935653.2678889112 1916116.2657560927
935653.279665289 1916116.294346069
935653.2914416668 1916116.3229360455
935653.3032180446 1916116.3515260217
935653.3149944224 1916116.380115998
935653.3267708 1916116.4087059742
935653.3385471778 1916116.4372959505
935653.3503235556 1916116.4658859267
935653.3620999334 1916116.4944759032
935653.3738763112 1916116.5230658795
935653.385652689 1916116.5516558557
935653.3974290667 1916116.580245832
935653.4092054445 1916116.6088358082
935653.4209818223 1916116.6374257845
935653.4327582001 1916116.666015761
935653.4445345779 1916116.6946057372
935653.4563109557 1916116.7231957135
935653.4680873334 1916116.7517856897
935653.4798637112 1916116.780375666
935653.491640089 1916116.8089656422
935653.5034164668 1916116.8375556187
935653.5151928446 1916116.866145595
935653.5269692224 1916116.8947355712
935653.5387456001 1916116.9233255475
935653.5505219778 1916116.9519155237
935653.5622983556 1916116.9805055
935653.5740747334 1916117.0090954765
935653.5858511112 1916117.0376854527
935653.597627489 1916117.066275429
935653.6094038668 1916117.0948654052
935653.6211802445 1916117.1234553815
935653.6329566223 1916117.152045358
935653.6447330001 1916117.1806353342
935653.6565093779 1916117.2092253105
935653.6682857557 1916117.2378152867
935653.6800621335 1916117.266405263
935653.6918385111 1916117.2949952392
935653.703614889 1916117.3235852157
935653.7153912667 1916117.352175192
935653.7271676445 1916117.3807651682
935653.7389440223 1916117.4093551445
935653.7507204001 1916117.4379451207
935653.7624967778 1916117.466535097
935653.7742731556 1916117.4951250735
935653.7860495334 1916117.5237150497
935653.7978259112 1916117.552305026
935653.809602289 1916117.5808950022
935653.8213786668 1916117.6094849785
935653.8331550446 1916117.6380749547
935653.8449314223 1916117.6666649312
935653.8567078001 1916117.6952549075
935653.8684841779 1916117.7238448837
935653.8802605557 1916117.75243486
935653.8920369335 1916117.7810248362
935653.9038133112 1916117.8096148125
935653.9155896889 1916117.838204789
935653.9273660667 1916117.8667947652
935653.9391424445 1916117.8953847415
935653.9509188223 1916117.9239747177
935653.9626952001 1916117.952564694
935653.9744715779 1916117.9811546702
935653.9862479556 1916118.0097446467
935653.9980243334 1916118.038334623
935654.0098007112 1916118.0669245992
935654.021577089 1916118.0955145755
935654.0333534668 1916118.1241045517
935654.0451298446 1916118.152694528
935654.0569062222 1916118.1812845045
935654.0686826 1916118.2098744807
935654.0804589778 1916118.238464457
935654.0922353556 1916118.2670544332
935654.1040117334 1916118.2956444095
935654.1157881112 1916118.3242343857
935654.1275644889 1916118.3528243622
935654.1393408667 1916118.3814143385
935654.1511172445 1916118.4100043147
935654.1628936223 1916118.438594291
935654.1746700001 1916118.4671842672
935654.1864463779 1916118.4957742437
935654.1982227557 1916118.52436422
935654.2099991334 1916118.5529541962
935654.2217755112 1916118.5815441725
935654.233551889 1916118.6101341487
935654.2453282668 1916118.638724125
935654.2571046446 1916118.6673141015
935654.2688810223 1916118.6959040777
935654.2806574 1916118.724494054
935654.2924337778 1916118.7530840302
935654.3042101556 1916118.7816740065
935654.3159865334 1916118.8102639827
935654.3277629112 1916118.8388539592
935654.339539289 1916118.8674439355
935654.3513156667 1916118.8960339117
935654.3630920445 1916118.924623888
935654.3748684223 1916118.9532138642
935654.3866448001 1916118.9818038405
935654.3984211779 1916119.010393817
935654.4101975557 1916119.0389837932
935654.4219739333 1916119.0675737695
935654.4337503111 1916119.0961637457
935654.4455266889 1916119.124753722
935654.4573030667 1916119.1533436982
935654.4690794445 1916119.1819336747
935654.4808558223 1916119.210523651
935654.4926322001 1916119.2391136272
935654.5044085778 1916119.2677036035
935654.5161849556 1916119.2962935797
935654.5279613334 1916119.324883556
935654.5397377112 1916119.3534735325
935654.551514089 1916119.3820635087
935654.5632904668 1916119.410653485
935654.5750668445 1916119.4392434612
935654.5868432223 1916119.4678334375
935654.5986196001 1916119.4964234137
935654.6103959779 1916119.5250133902
935654.6221723557 1916119.5536033665
935654.6339487334 1916119.5821933427
935654.6457251111 1916119.610783319
935654.6575014889 1916119.6393732952
935654.6692778667 1916119.6679632715
935654.6810542445 1916119.696553248
935654.6928306223 1916119.7251432242
935654.7046070001 1916119.7537332005
935654.7163833778 1916119.7823231767
935654.7281597556 1916119.810913153
935654.7399361334 1916119.8395031295
935654.7517125112 1916119.8680931057
935654.763488889 1916119.896683082
935654.7752652668 1916119.9252730582
935654.7870416446 1916119.9538630345
935654.7988180222 1916119.9824530107
935654.8105944 1916120.0110429872
935654.8223707778 1916120.0396329635
935654.8341471556 1916120.0682229397
935654.8459235334 1916120.096812916
935654.8576999112 1916120.1254028922
935654.8694762889 1916120.1539928685
935654.8812526667 1916120.182582845
935654.8930290445 1916120.2111728212
935654.9048054223 1916120.2397627975
935654.9165818001 1916120.2683527737
935654.9283581779 1916120.29694275
935654.9401345556 1916120.3255327262
935654.9519109334 1916120.3541227027
935654.9636873112 1916120.382712679
935654.975463689 1916120.4113026552
935654.9872400668 1916120.4398926315
935654.9990164445 1916120.4684826077
935655.0107928222 1916120.497072584
935655.0225692 1916120.5256625605
935655.0343455778 1916120.5542525367
935655.0461219556 1916120.582842513
935655.0578983334 1916120.6114324892
935655.0696747112 1916120.6400224655
935655.081451089 1916120.6686124417
935655.0932274667 1916120.6972024182
935655.1050038445 1916120.7257923945
935655.1167802223 1916120.7543823707
935655.1285566001 1916120.782972347
935655.1403329779 1916120.8115623232
935655.1521093557 1916120.8401522995
935655.1638857333 1916120.868742276
935655.1756621111 1916120.8973322522
935655.1874384889 1916120.9259222285
935655.1992148667 1916120.9545122047
935655.2109912445 1916120.983102181
935655.2227676223 1916121.0116921572
935655.234544 1916121.0402821337
935655.2463203778 1916121.06887211
935655.2580967556 1916121.0974620862
935655.2698731334 1916121.1260520625
935655.2816495112 1916121.1546420387
935655.293425889 1916121.1832320152
935655.3052022667 1916121.2118219915
935655.3169786445 1916121.2404119677
935655.3287550223 1916121.269001944
935655.3405314 1916121.2975919202
935655.3523077779 1916121.3261818965
935655.3640841556 1916121.354771873
935655.3758605334 1916121.3833618492
935655.3876369111 1916121.4119518255
935655.3994132889 1916121.4405418017
935655.4111896667 1916121.469131778
935655.4229660445 1916121.4977217542
935655.4347424223 1916121.5263117307
935655.4465188001 1916121.554901707
935655.4582951778 1916121.5834916832
935655.4700715556 1916121.6120816595
935655.4818479334 1916121.6406716357
935655.4936243112 1916121.669261612
935655.505400689 1916121.6978515885
935655.5171770668 1916121.7264415647
935655.5289534444 1916121.755031541
935655.5407298222 1916121.7836215172
935655.5525062 1916121.8122114935
935655.5642825778 1916121.8408014697
935655.5760589556 1916121.8693914462
935655.5878353334 1916121.8979814225
935655.5996117111 1916121.9265713987
935655.6113880889 1916121.955161375
935655.6231644667 1916121.9837513512
935655.6349408445 1916122.0123413275
935655.6467172223 1916122.040931304
935655.6584936001 1916122.0695212802
935655.6702699778 1916122.0981112565
935655.6820463556 1916122.1267012327
935655.6938227334 1916122.155291209
935655.7055991112 1916122.1838811853
935655.717375489 1916122.2124711617
935655.7291518667 1916122.241061138
935655.7409282445 1916122.2696511142
935655.7527046222 1916122.2982410905
935655.764481 1916122.3268310667
935655.7762573778 1916122.3554210432
935655.7880337556 1916122.3840110195
935655.7998101334 1916122.4126009957
935655.8115865112 1916122.441190972
935655.8233628889 1916122.4697809482
935655.8351392667 1916122.4983709245
935655.8469156445 1916122.526960901
935655.8586920223 1916122.5555508772
935655.8704684001 1916122.5841408535
935655.8822447779 1916122.6127308297
935655.8940211555 1916122.641320806
935655.9057975333 1916122.6699107822
935655.9175739111 1916122.6985007587
935655.9293502889 1916122.727090735
935655.9411266667 1916122.7556807112
935655.9529030445 1916122.7842706875
935655.9646794222 1916122.8128606637
935655.9764558 1916122.84145064
935655.9882321778 1916122.8700406165
935656.0000085556 1916122.8986305927
935656.0117849334 1916122.927220569
935656.0235613112 1916122.9558105452
935656.035337689 1916122.9844005215
935656.0471140667 1916123.0129904978
935656.0588904445 1916123.0415804742
935656.0706668223 1916123.0701704505
935656.0824432 1916123.0987604267
935656.0942195778 1916123.127350403
935656.1059959556 1916123.1559403792
935656.1177723333 1916123.1845303555
935656.1295487111 1916123.213120332
935656.1413250889 1916123.2417103082
935656.1531014667 1916123.2703002845
935656.1648778445 1916123.2988902607
935656.1766542223 1916123.327480237
935656.1884306 1916123.3560702133
935656.2002069778 1916123.3846601897
935656.2119833556 1916123.413250166
935656.2237597334 1916123.4418401422
935656.2355361112 1916123.4704301185
935656.247312489 1916123.4990200948
935656.2590888666 1916123.527610071
935656.2708652444 1916123.5562000475
935656.2826416222 1916123.5847900237
935656.294418 1916123.61338
