935416.583128 1915865.59423 0
935416.591998 1915865.59416 0
935416.583128 1915865.59423 0
935416.591998 1915865.59416 0
935416.583128 1915865.59423 0
935416.591998 1915865.59416 0
935416.591998 1915865.59416 0
935416.591998 1915865.59416 0
935416.591998 1915865.59416 0
935416.591998 1915865.59416 0
935416.591998 1915865.59416 0
935416.591998 1915865.59416 0
935416.591998 1915865.59416 0
935416.591998 1915865.59416 0
935416.591998 1915865.59416 0
935416.591998 1915865.59416 0
935416.591998 1915865.59416 0
935416.591998 1915865.59416 0
935416.591998 1915865.59416 0
935416.591998 1915865.59416 0
935416.591998 1915865.59416 0
935416.591998 1915865.59416 0
935416.583128 1915865.59423 0
935416.591998 1915865.59416 0
935416.583043 1915865.58313 0
935416.583128 1915865.59423 0
935416.591998 1915865.59416 0
935416.583043 1915865.58313 0
935416.591998 1915865.59416 0
935416.591998 1915865.59416 0
935416.591998 1915865.59416 0
935416.591998 1915865.59416 0
935416.591998 1915865.59416 0
935416.591998 1915865.59416 0
935416.591998 1915865.59416 0
935416.591913 1915865.58307 0
935416.591998 1915865.59416 0
935416.591998 1915865.59416 0
935416.591998 1915865.59416 0
935416.591998 1915865.59416 0
935416.591998 1915865.59416 0
935416.583128 1915865.59423 0
935416.591998 1915865.59416 0
935416.591998 1915865.59416 0
935416.591913 1915865.58307 0
935416.591998 1915865.59416 0
935416.591998 1915865.59416 0
935416.591998 1915865.59416 0
935416.591998 1915865.59416 0
935416.591998 1915865.59416 0
935416.591998 1915865.59416 0
935416.591998 1915865.59416 0
935416.591998 1915865.59416 0
935416.591913 1915865.58307 0
935416.600612 1915865.56081 0
935416.600527 1915865.54972 0
935416.609226 1915865.52746 0
935416.61784 1915865.49411 0
935416.626368 1915865.44966 0
935416.634897 1915865.40522 0
935416.65221 1915865.34961 0
935416.669438 1915865.28291 0
935416.686665 1915865.21621 0
935416.703893 1915865.14951 0
935416.721035 1915865.07172 0
935416.746962 1915864.98276 0
935416.763934 1915864.88278 0
935416.78969 1915864.77163 0
935416.815447 1915864.66049 0
935416.841288 1915864.56044 0
935416.867044 1915864.44929 0
935416.883845 1915864.32712 0
935416.909602 1915864.21598 0
935416.935358 1915864.10483 0
935416.961029 1915863.98259 0
935416.986785 1915863.87145 0
935417.012541 1915863.7603 0
935417.047168 1915863.64909 0
935417.072924 1915863.53795 0
935417.09868 1915863.4268 0
935417.133306 1915863.31559 0
935417.150193 1915863.20451 0
935417.184819 1915863.0933 0
935417.21066 1915862.99325 0
935417.245286 1915862.88204 0
935417.271128 1915862.78198 0
935417.305754 1915862.67077 0
935417.33151 1915862.55963 0
935417.357267 1915862.44848 0
935417.391978 1915862.34836 0
935417.417734 1915862.23722 0
935417.45236 1915862.12601 0
935417.486987 1915862.01479 0
935417.530397 1915861.89242 0
935417.564938 1915861.77011 0
935417.608263 1915861.63664 0
935417.642889 1915861.52543 0
935417.686215 1915861.39196 0
935417.720755 1915861.26965 0
935417.764081 1915861.13618 0
935417.807491 1915861.01381 0
935417.850817 1915860.88034 0
935417.894142 1915860.74687 0
935417.937467 1915860.6134 0
935417.980878 1915860.49102 0
935418.024203 1915860.35755 0
935418.058744 1915860.23525 0
935418.102069 1915860.10178 0
935418.14548 1915859.9794 0
935418.188805 1915859.84593 0
935418.232216 1915859.72356 0
935418.266671 1915859.59016 0
935418.310082 1915859.46778 0
935418.344538 1915859.33438 0
935418.378993 1915859.20098 0
935418.413534 1915859.07867 0
935418.447989 1915858.94527 0
935418.48253 1915858.82296 0
935418.517071 1915858.70066 0
935418.542742 1915858.57842 0
935418.568328 1915858.44509 0
935418.594084 1915858.33394 0
935418.628539 1915858.20054 0
935418.654296 1915858.0894 0
935418.679881 1915857.95606 0
935418.714422 1915857.83376 0
935418.740008 1915857.70042 0
935418.765594 1915857.56709 0
935418.791094 1915857.42266 0
935418.807724 1915857.2783 0
935418.84218 1915857.1449 0
935418.867766 1915857.01157 0
935418.884396 1915856.86721 0
935418.901027 1915856.72285 0
935418.908873 1915856.58966 0
935418.925503 1915856.4453 0
935418.942219 1915856.31203 0
935418.950065 1915856.17884 0
935418.957826 1915856.03455 0
935418.956887 1915855.91251 0
935418.964733 1915855.77932 0
935418.972665 1915855.65721 0
935418.971555 1915855.51299 0
935418.979487 1915855.39089 0
935418.978463 1915855.25776 0
935418.977524 1915855.13573 0
935418.976415 1915854.9915 0
935418.975391 1915854.85838 0
935418.983237 1915854.72518 0
935418.964389 1915854.58109 0
935418.963279 1915854.43687 0
935418.9533 1915854.29272 0
935418.934366 1915854.13754 0
935418.924473 1915854.00448 0
935418.905624 1915853.86039 0
935418.886775 1915853.71631 0
935418.859142 1915853.58338 0
935418.840464 1915853.46149 0
935418.812745 1915853.31747 0
935418.766519 1915853.07374 0
935418.738885 1915852.94082 0
935418.720207 1915852.81892 0
935418.701614 1915852.70812 0
935418.691806 1915852.58615 0
935418.673128 1915852.46425 0
935418.654449 1915852.34235 0
935418.635686 1915852.20936 0
935418.616837 1915852.06528 0
935418.589118 1915851.92126 0
935418.578969 1915851.75492 0
935418.559949 1915851.58864 0
935418.540845 1915851.41128 0
935418.539479 1915851.23377 0
935418.520375 1915851.0564 0
935418.51901 1915850.8789 0
935418.517815 1915850.72358 0
935418.51645 1915850.54608 0
935418.515256 1915850.39076 0
935418.522846 1915850.22428 0
935418.530521 1915850.0689 0
935418.538196 1915849.91351 0
935418.563697 1915849.76909 0
935418.571457 1915849.6248 0
935418.597043 1915849.49146 0
935418.622543 1915849.34704 0
935418.639259 1915849.21377 0
935418.682585 1915849.0803 0
935418.708085 1915848.93588 0
935418.75124 1915848.78022 0
935418.79448 1915848.63566 0
935418.837549 1915848.46891 0
935418.889659 1915848.32427 0
935418.950383 1915848.14629 0
935419.011278 1915847.9905 0
935419.063217 1915847.82368 0
935419.115156 1915847.65686 0
935419.167181 1915847.50113 0
935419.236945 1915847.34527 0
935419.297839 1915847.18948 0
935419.349949 1915847.04485 0
935419.419714 1915846.88898 0
935419.480693 1915846.74428 0
935419.550458 1915846.58842 0
935419.620307 1915846.44366 0
935419.690157 1915846.29889 0
935419.768791 1915846.14296 0
935419.829856 1915846.00935 0
935419.91736 1915845.85335 0
935419.987295 1915845.71968 0
935420.074799 1915845.56368 0
935420.144734 1915845.43001 0
935420.223454 1915845.28517 0
935420.311043 1915845.14027 0
935420.372108 1915845.00666 0
935420.459698 1915844.86176 0
935420.538502 1915844.72801 0
935420.617307 1915844.59427 0
935420.696112 1915844.46053 0
935420.783701 1915844.31563 0
935420.862506 1915844.18188 0
935420.950181 1915844.04807 0
935421.037941 1915843.92536 0
935421.12553 1915843.78045 0
935421.21329 1915843.65774 0
935421.30992 1915843.53495 0
935421.38881 1915843.4123 0
935421.485526 1915843.30061 0
935421.582326 1915843.20002 0
935421.670257 1915843.09949 0
935421.767143 1915843.00999 0
935421.863943 1915842.90939 0
935421.960914 1915842.83098 0
935422.057885 1915842.75257 0
935422.163726 1915842.6741 0
935422.287222 1915842.58439 0
935422.410717 1915842.49468 0
935422.542997 1915842.39381 0
935422.675448 1915842.31513 0
935422.834337 1915842.21406 0
935422.966617 1915842.11319 0
935423.125677 1915842.0343 0
935423.266912 1915841.94446 0
935423.425972 1915841.86557 0
935423.576248 1915841.79785 0
935423.717568 1915841.7191 0
935423.867759 1915841.64028 0
935424.000209 1915841.5616 0
935424.150314 1915841.47169 0
935424.27398 1915841.40417 0
935424.415215 1915841.31433 0
935424.547666 1915841.23565 0
935424.680031 1915841.14587 0
935424.812482 1915841.06719 0
935424.953717 1915840.97735 0
935425.085997 1915840.87648 0
935425.236102 1915840.78657 0
935425.377337 1915840.69672 0
935425.536141 1915840.58455 0
935425.677376 1915840.49471 0
935425.827396 1915840.3937 0
935425.968546 1915840.29277 0
935426.11848 1915840.18067 0
935426.259545 1915840.06864 0
935426.39174 1915839.95667 0
935426.532804 1915839.84464 0
935426.665084 1915839.74377 0
935426.806063 1915839.62065 0
935426.938258 1915839.50868 0
935427.079237 1915839.38556 0
935427.211347 1915839.2625 0
935427.343456 1915839.13944 0
935427.475566 1915839.01639 0
935427.58985 1915838.88237 0
935427.721874 1915838.74822 0
935427.845114 1915838.62523 0
935427.950443 1915838.48019 0
935428.073512 1915838.33501 0
935428.187711 1915838.1899 0
935428.301825 1915838.0337 0
935428.424809 1915837.87743 0
935428.538837 1915837.71013 0
935428.661735 1915837.54277 0
935428.775679 1915837.36438 0
935428.889537 1915837.17489 0
935429.00348 1915836.9965 0
935429.126122 1915836.79585 0
935429.240066 1915836.61746 0
935429.362793 1915836.42791 0
935429.485607 1915836.24945 0
935429.617204 1915836.05983 0
935429.740103 1915835.89247 0
935429.871786 1915835.71394 0
935430.003469 1915835.53541 0
935430.126282 1915835.35695 0
935430.25805 1915835.18952 0
935430.380863 1915835.01106 0
935430.503676 1915834.8326 0
935430.626575 1915834.66524 0
935430.749388 1915834.48678 0
935430.872286 1915834.31941 0
935430.9951 1915834.14095 0
935431.109128 1915833.97366 0
935431.232027 1915833.80629 0
935431.34597 1915833.6279 0
935431.459999 1915833.4606 0
935431.582812 1915833.28214 0
935431.696841 1915833.11485 0
935431.819654 1915832.93639 0
935431.933682 1915832.76909 0
935432.047711 1915832.60179 0
935432.17061 1915832.43443 0
935432.275768 1915832.2672 0
935432.398582 1915832.08874 0
935432.521651 1915831.94356 0
935432.653334 1915831.76504 0
935432.767448 1915831.60883 0
935432.899131 1915831.43031 0
935433.013245 1915831.2741 0
935433.153883 1915831.1066 0
935433.267997 1915830.9504 0
935433.39968 1915830.77187 0
935433.522664 1915830.6156 0
935433.645478 1915830.43714 0
935433.768376 1915830.26978 0
935433.891275 1915830.10241 0
935434.005304 1915829.93512 0
935434.128202 1915829.76775 0
935434.242146 1915829.58936 0
935434.365044 1915829.422 0
935434.487943 1915829.25463 0
935434.601972 1915829.08733 0
935434.715915 1915828.90894 0
935434.838814 1915828.74158 0
935434.952843 1915828.57428 0
935435.066786 1915828.39589 0
935435.198555 1915828.22846 0
935435.312498 1915828.05007 0
935435.435397 1915827.8827 0
935435.56708 1915827.70417 0
935435.689893 1915827.52571 0
935435.821577 1915827.34719 0
935435.94439 1915827.16873 0
935436.084858 1915826.97904 0
935436.216541 1915826.80051 0
935436.348224 1915826.62198 0
935436.479908 1915826.44346 0
935436.611591 1915826.26493 0
935436.743274 1915826.0864 0
935436.866088 1915825.90794 0
935437.006555 1915825.71826 0
935437.111714 1915825.55103 0
935437.243312 1915825.36141 0
935437.357341 1915825.19411 0
935437.471285 1915825.01572 0
935437.576444 1915824.84849 0
935437.699172 1915824.65894 0
935437.813286 1915824.50273 0
935437.927145 1915824.31325 0
935438.032304 1915824.14602 0
935438.146247 1915823.96763 0
935438.260276 1915823.80033 0
935438.35648 1915823.62208 0
935438.470509 1915823.45478 0
935438.575668 1915823.28755 0
935438.680827 1915823.12032 0
935438.785986 1915822.9531 0
935438.88219 1915822.77484 0
935438.987434 1915822.61871 0
935439.092593 1915822.45148 0
935439.188883 1915822.28432 0
935439.302912 1915822.11702 0
935439.381546 1915821.96109 0
935439.486705 1915821.79386 0
935439.58308 1915821.6378 0
935439.661629 1915821.47077 0
935439.758004 1915821.31471 0
935439.827769 1915821.15884 0
935439.915274 1915821.00285 0
935439.993908 1915820.84692 0
935440.072543 1915820.69099 0
935440.151263 1915820.54615 0
935440.203288 1915820.39043 0
935440.273053 1915820.23456 0
935440.325078 1915820.07884 0
935440.368319 1915819.93428 0
935440.411474 1915819.77862 0
935440.44576 1915819.62303 0
935440.48883 1915819.45628 0
935440.523115 1915819.30069 0
935440.55723 1915819.12291 0
935440.6003 1915818.95616 0
935440.643285 1915818.77832 0
935440.6774 1915818.60054 0
935440.70256 1915818.41174 0
935440.745459 1915818.2228 0
935440.761749 1915818.03406 0
935440.786909 1915817.84526 0
935440.794243 1915817.6455 0
935440.801748 1915817.46793 0
935440.818038 1915817.27919 0
935440.807974 1915817.12394 0
935440.815394 1915816.93528 0
935440.831855 1915816.76873 0
935440.839445 1915816.60225 0
935440.864861 1915816.44673 0
935440.881407 1915816.29128 0
935440.906822 1915816.13576 0
935440.923368 1915815.98031 0
935440.966523 1915815.82465 0
935441.000809 1915815.66906 0
935441.035094 1915815.51347 0
935441.07825 1915815.35781 0
935441.12132 1915815.19106 0
935441.173345 1915815.03534 0
935441.22537 1915814.87961 0
935441.277481 1915814.73498 0
935441.338376 1915814.57919 0
935441.390401 1915814.42346 0
935441.451467 1915814.28986 0
935441.512447 1915814.14516 0
935441.573342 1915813.98936 0
935441.651977 1915813.83343 0
935441.721742 1915813.67757 0
935441.800377 1915813.52164 0
935441.887796 1915813.35455 0
935441.975301 1915813.19855 0
935442.062891 1915813.05365 0
935442.150311 1915812.88655 0
935442.246771 1915812.74158 0
935442.334361 1915812.59668 0
935442.422036 1915812.46287 0
935442.527281 1915812.30673 0
935442.623826 1915812.17285 0
935442.729241 1915812.03891 0
935442.817002 1915811.91619 0
935442.931287 1915811.78218 0
935443.028003 1915811.67049 0
935443.142288 1915811.53647 0
935443.247959 1915811.43581 0
935443.362329 1915811.31289 0
935443.468 1915811.21222 0
935443.582456 1915811.1004 0
935443.688127 1915810.99973 0
935443.793798 1915810.89907 0
935443.899469 1915810.7984 0
935444.014095 1915810.70877 0
935444.110896 1915810.60817 0
935444.225522 1915810.51853 0
935444.340063 1915810.4178 0
935444.463645 1915810.33919 0
935444.587226 1915810.26057 0
935444.710722 1915810.17087 0
935444.860913 1915810.09205 0
935444.993364 1915810.01337 0
935445.1346 1915809.92352 0
935445.275921 1915809.84478 0
935445.408458 1915809.77719 0
935445.558734 1915809.70947 0
935445.682572 1915809.66413 0
935445.815108 1915809.59655 0
935445.93886 1915809.54012 0
935446.062697 1915809.49479 0
935446.195319 1915809.4383 0
935446.319242 1915809.40406 0
935446.443079 1915809.35873 0
935446.558046 1915809.31347 0
935446.673099 1915809.2793 0
935446.787981 1915809.22295 0
935446.894164 1915809.18884 0
935446.991392 1915809.14372 0
935447.088619 1915809.09859 0
935447.194717 1915809.0534 0
935447.283074 1915809.00834 0
935447.380217 1915808.95212 0
935447.468574 1915808.90706 0
935447.556932 1915808.862 0
935447.64529 1915808.81695 0
935447.733562 1915808.76079 0
935447.82192 1915808.71574 0
935447.910193 1915808.65959 0
935448.007335 1915808.60337 0
935448.104477 1915808.54714 0
935448.210404 1915808.47976 0
935448.307376 1915808.40135 0
935448.413303 1915808.33397 0
935448.510275 1915808.25556 0
935448.624986 1915808.17702 0
935448.730828 1915808.09854 0
935448.8278 1915808.02014 0
935448.942426 1915807.9305 0
935449.039313 1915807.84099 0
935449.153939 1915807.75136 0
935449.259695 1915807.66179 0
935449.365366 1915807.56112 0
935449.471038 1915807.46046 0
935449.576709 1915807.35979 0
935449.68238 1915807.25913 0
935449.787966 1915807.14737 0
935449.884682 1915807.03568 0
935449.990182 1915806.91283 0
935450.095853 1915806.81216 0
935450.192484 1915806.68938 0
935450.306855 1915806.56646 0
935450.385831 1915806.45491 0
935450.491331 1915806.33205 0
935450.587962 1915806.20927 0
935450.675723 1915806.08655 0
935450.781309 1915805.97479 0
935450.86907 1915805.85208 0
935450.974485 1915805.71813 0
935451.071116 1915805.59535 0
935451.167661 1915805.46147 0
935451.273077 1915805.32752 0
935451.360752 1915805.19371 0
935451.457127 1915805.03765 0
935451.553673 1915804.90377 0
935451.641263 1915804.75887 0
935451.728853 1915804.61396 0
935451.825228 1915804.4579 0
935451.921689 1915804.31292 0
935452.018064 1915804.15686 0
935452.123394 1915804.01182 0
935452.228638 1915803.85568 0
935452.333883 1915803.69955 0
935452.448083 1915803.55444 0
935452.562283 1915803.40933 0
935452.676483 1915803.26422 0
935452.781728 1915803.10809 0
935452.904883 1915802.97401 0
935453.001344 1915802.82903 0
935453.124328 1915802.67276 0
935453.220959 1915802.54998 0
935453.326204 1915802.39384 0
935453.431705 1915802.27099 0
935453.528165 1915802.12602 0
935453.633581 1915801.99207 0
935453.730126 1915801.8582 0
935453.835542 1915801.72425 0
935453.932087 1915801.59037 0
935454.046287 1915801.44526 0
935454.142833 1915801.31138 0
935454.248163 1915801.16634 0
935454.353578 1915801.0324 0
935454.467779 1915800.88729 0
935454.573194 1915800.75334 0
935454.687394 1915800.60823 0
935454.801679 1915800.47422 0
935454.915965 1915800.34021 0
935455.03025 1915800.20619 0
935455.15332 1915800.06101 0
935455.276561 1915799.93803 0
935455.399631 1915799.79285 0
935455.531656 1915799.6587 0
935455.663596 1915799.51345 0
935455.777881 1915799.37944 0
935455.909907 1915799.24529 0
935456.033062 1915799.11121 0
935456.156132 1915798.96603 0
935456.261633 1915798.84318 0
935456.393573 1915798.69793 0
935456.499073 1915798.57508 0
935456.622229 1915798.441 0
935456.727644 1915798.30705 0
935456.842015 1915798.18413 0
935456.956386 1915798.06121 0
935457.061716 1915797.91617 0
935457.184957 1915797.79318 0
935457.316982 1915797.65903 0
935457.422483 1915797.53618 0
935457.536853 1915797.41326 0
935457.651224 1915797.29034 0
935457.747855 1915797.16755 0
935457.871181 1915797.05566 0
935457.976682 1915796.93281 0
935458.099922 1915796.80982 0
935458.214208 1915796.6758 0
935458.337449 1915796.55282 0
935458.460774 1915796.44092 0
935458.58393 1915796.30684 0
935458.707256 1915796.19494 0
935458.839366 1915796.07189 0
935458.971562 1915795.95992 0
935459.094803 1915795.83694 0
935459.226999 1915795.72497 0
935459.367979 1915795.60185 0
935459.518 1915795.50084 0
935459.659151 1915795.39991 0
935459.800132 1915795.27678 0
935459.941283 1915795.17584 0
935460.082263 1915795.05272 0
935460.214459 1915794.94076 0
935460.355525 1915794.82873 0
935460.496676 1915794.72779 0
935460.637742 1915794.61576 0
935460.787592 1915794.49257 0
935460.919873 1915794.3917 0
935461.060939 1915794.27967 0
935461.19322 1915794.1788 0
935461.343241 1915794.07779 0
935461.466652 1915793.97699 0
935461.599019 1915793.88722 0
935461.7313 1915793.78635 0
935461.854626 1915793.67445 0
935461.978208 1915793.59584 0
935462.101789 1915793.51723 0
935462.216331 1915793.4165 0
935462.339913 1915793.33788 0
935462.454539 1915793.24825 0
935462.551426 1915793.15874 0
935462.666138 1915793.0802 0
935462.76311 1915793.00179 0
935462.824944 1915792.96803 0
935462.851383 1915792.94564 0
935462.851383 1915792.94564 0
935462.851383 1915792.94564 0
935462.860253 1915792.94557 0
935462.842513 1915792.94571 0
935462.851297 1915792.93455 0
935462.851383 1915792.94564 0
935462.842513 1915792.94571 0
935462.842513 1915792.94571 0
935462.842513 1915792.94571 0
935462.842513 1915792.94571 0
935462.842513 1915792.94571 0
