935656.633142893 1916166.73311917
935656.6312681645 1916166.7433247294
935656.6294514682 1916166.7535341769
935656.6276925808 1916166.76374752
935656.6259912797 1916166.7739647676
935656.6243473417 1916166.784185927
935656.6227605438 1916166.7944110062
935656.6212306629 1916166.8046400128
935656.619757476 1916166.8148729554
935656.6183407601 1916166.825109841
935656.6169802925 1916166.8353506788
935656.6156758495 1916166.8455954758
935656.6144272087 1916166.85584424
935656.6132341468 1916166.8660969797
935656.6120964411 1916166.8763537025
935656.6110138681 1916166.8866144167
935656.6099862051 1916166.89687913
935656.609013229 1916166.9071478501
935656.6080947168 1916166.9174205856
935656.6072304455 1916166.9276973435
935656.6064201922 1916166.9379781326
935656.6056637337 1916166.9482629607
935656.6049608468 1916166.9585518353
935656.6043113089 1916166.9688447644
935656.603714897 1916166.9791417564
935656.6031713877 1916166.9894428183
935656.6026805583 1916166.9997479592
935656.6022421857 1916167.0100571865
935656.6018560467 1916167.020370508
935656.6015219187 1916167.0306879317
935656.6012395782 1916167.0410094652
935656.6010088025 1916167.0513351175
935656.6008293687 1916167.0616648956
935656.6007010534 1916167.0719988076
935656.6006236337 1916167.0823368616
935656.6005968868 1916167.0926790657
935656.6006205896 1916167.103025427
935656.600694519 1916167.1133759546
935656.6008184518 1916167.1237306555
935656.6009921655 1916167.1340895381
935656.6012154367 1916167.1444526105
935656.6014880425 1916167.1548198797
935656.6018097599 1916167.1651913547
935656.6021803657 1916167.175567043
935656.6025996372 1916167.1859469526
935656.6030673513 1916167.1963310912
935656.6035832847 1916167.206719467
935656.6041472147 1916167.2171120879
935656.6047589182 1916167.2275089617
935656.6054181721 1916167.2379100965
935656.6061247535 1916167.2483155
935656.6068784394 1916167.2587251805
935656.6076790066 1916167.2691391455
935656.6085262324 1916167.2795574034
935656.6094198935 1916167.2899799617
935656.6103597669 1916167.3004068288
935656.6113456298 1916167.310838012
935656.6123772591 1916167.3212735197
935656.6134544316 1916167.3317133596
935656.6145769245 1916167.34215754
935656.6157445147 1916167.3526060684
935656.6169569792 1916167.363058953
935656.618214095 1916167.3735162017
935656.619515639 1916167.3839778223
935656.6208613885 1916167.3944438228
935656.62225112 1916167.4049142112
935656.6236846109 1916167.4153889955
935656.625161638 1916167.4258681834
935656.6266819782 1916167.4363517829
935656.6282454086 1916167.446839802
935656.6298517063 1916167.4573322488
935656.631500648 1916167.4678291308
935656.633192011 1916167.4783304564
935656.6349255721 1916167.4888362333
935656.6367011082 1916167.4993464693
935656.6385183966 1916167.5098611724
935656.640377214 1916167.520380351
935656.6422773374 1916167.5309040123
935656.644218544 1916167.5414321646
935656.6462006106 1916167.5519648157
935656.6482233142 1916167.562501974
935656.6502864318 1916167.573043647
935656.6523897405 1916167.5835898428
935656.6545330172 1916167.5941405692
935656.6567160388 1916167.604695834
935656.6589385824 1916167.6152556452
935656.661200425 1916167.6258200111
935656.6635013435 1916167.6363889393
935656.6658411148 1916167.646962438
935656.6682195163 1916167.6575405148
935656.6706363243 1916167.6681231777
935656.6730913166 1916167.6787104348
935656.6755842696 1916167.689302294
935656.6781149603 1916167.699898763
935656.6806831661 1916167.7104998503
935656.6832886636 1916167.721105563
935656.6859312298 1916167.73171591
935656.6886106421 1916167.742330898
935656.691326677 1916167.7529505363
935656.6940791117 1916167.7635748321
935656.696867723 1916167.7742037931
935656.6996922883 1916167.7848374275
935656.7025525842 1916167.7954757437
935656.7054483879 1916167.8061187488
935656.7083794761 1916167.8167664516
935656.7113456262 1916167.8274188593
935656.7143466149 1916167.8380759798
935656.7173822192 1916167.848737822
935656.7204522162 1916167.859404393
935656.7235563828 1916167.8700757006
935656.7266944961 1916167.8807517535
935656.729866333 1916167.891432559
935656.7330716704 1916167.9021181248
935656.7363102854 1916167.9128084597
935656.739581955 1916167.923503571
935656.742886456 1916167.934203467
935656.7462235657 1916167.9449081554
935656.7495930609 1916167.955617644
935656.7529947187 1916167.9663319408
935656.7564283159 1916167.9770510544
935656.7598936294 1916167.9877749921
935656.7633904365 1916167.9985037616
935656.7669185142 1916168.0092373714
935656.770477639 1916168.0199758287
935656.7740675885 1916168.0307191424
935656.7776881394 1916168.0414673197
935656.7813390684 1916168.052220369
935656.7850201532 1916168.0629782977
935656.7887311701 1916168.073741114
935656.7924718965 1916168.0845088263
935656.7962421092 1916168.095281442
935656.8000415851 1916168.1060589692
935656.8038701015 1916168.1168414154
935656.807727435 1916168.127628789
935656.8116133629 1916168.138421098
935656.815527662 1916168.1492183504
935656.8194701094 1916168.1600205537
935656.823440482 1916168.1708277161
935656.8274385569 1916168.1816398455
935656.8314641109 1916168.1924569495
935656.8355169212 1916168.2032790366
935656.8395967647 1916168.2141061146
935656.8437034182 1916168.2249381912
935656.847836659 1916168.2357752745
935656.851996264 1916168.2466173721
935656.85618201 1916168.2574644925
935656.8603936742 1916168.2683166433
935656.8646310334 1916168.2791738326
935656.8688938648 1916168.290036068
935656.8731819452 1916168.3009033578
935656.8774950516 1916168.3117757097
935656.8818329612 1916168.3226531318
935656.8861954507 1916168.3335356317
935656.8905822972 1916168.3444232177
935656.8949932778 1916168.3553158978
935656.8994281694 1916168.3662136795
935656.903886749 1916168.3771165712
935656.9083687934 1916168.3880245804
935656.9128740798 1916168.3989377155
935656.9174023853 1916168.4098559842
935656.9219534864 1916168.420779394
935656.9265271606 1916168.4317079533
935656.9311231847 1916168.4426416701
935656.9357413357 1916168.4535805527
935656.9403813904 1916168.464524608
935656.9450431261 1916168.4754738447
935656.9497263196 1916168.4864282701
935656.9544307479 1916168.4973878933
935656.9591561881 1916168.5083527206
935656.963902417 1916168.5193227613
935656.9686692116 1916168.530298023
935656.9734563491 1916168.5412785131
935656.9782636063 1916168.5522642403
935656.9830907603 1916168.563255212
935656.9879375879 1916168.574251436
935656.9928038662 1916168.585252921
935656.9976893723 1916168.596259674
935657.002593883 1916168.6072717034
935657.0075171754 1916168.6182890176
935657.0124590265 1916168.6293116235
935657.0174192131 1916168.64033953
935657.0223975126 1916168.6513727445
935657.0273937015 1916168.6624112746
935657.0324075569 1916168.6734551291
935657.0374388561 1916168.6845043155
935657.0424873757 1916168.6955588416
935657.0475528929 1916168.7066187158
935657.0526351847 1916168.7176839453
935657.057734028 1916168.7287545386
935657.0628491999 1916168.7398305037
935657.0679804771 1916168.750911848
935657.0731276368 1916168.7619985798
935657.0782904562 1916168.7730907071
935657.0834687118 1916168.7841882377
935657.0886621809 1916168.7952911796
935657.0938706406 1916168.8063995405
935657.0990938676 1916168.8175133287
935657.104331639 1916168.8286325517
935657.1095837317 1916168.8397572176
935657.1148499228 1916168.8508873347
935657.1201299893 1916168.8620229107
935657.1254237082 1916168.8731639534
935657.1307308563 1916168.8843104707
935657.1360512109 1916168.8954624706
935657.1413845486 1916168.9066199614
935657.1467306467 1916168.9177829504
935657.1520892822 1916168.9289514462
935657.1574602318 1916168.9401254558
935657.1628432726 1916168.951304988
935657.1682381816 1916168.9624900508
935657.173644736 1916168.973680651
935657.1790627126 1916168.9848767978
935657.1844918882 1916168.996078499
935657.1899320402 1916169.0072857614
935657.1953829452 1916169.0184985944
935657.2008443803 1916169.0297170049
935657.2063161227 1916169.0409410011
935657.2117979492 1916169.0521705912
935657.2172896366 1916169.063405783
935657.2227909623 1916169.0746465842
935657.228301703 1916169.0858930028
935657.2338216358 1916169.097145047
935657.2393505377 1916169.1084027246
935657.2448881855 1916169.1196660437
935657.2504343564 1916169.1309350114
935657.2559888273 1916169.142209637
935657.2615513752 1916169.1534899273
935657.267121777 1916169.1647758908
935657.2726998099 1916169.1760675353
935657.2782852508 1916169.1873648684
935657.2838778764 1916169.1986678988
935657.289477464 1916169.2099766338
935657.2950837907 1916169.2212910815
935657.3006966332 1916169.2326112497
935657.3063157683 1916169.2439371466
935657.3119409736 1916169.25526878
935657.3175720257 1916169.2666061579
935657.3232087017 1916169.277949288
935657.3288507783 1916169.2892981789
935657.3344980328 1916169.3006528374
935657.3401502423 1916169.3120132727
935657.3458071832 1916169.3233794915
935657.3514686332 1916169.3347515026
935657.3571343689 1916169.3461293138
935657.3628041672 1916169.3575129327
935657.3684778053 1916169.3689023678
935657.3741550602 1916169.3802976261
935657.3798357086 1916169.3916987164
935657.385519528 1916169.4031056464
935657.3912062948 1916169.414518424
935657.3968957864 1916169.4259370568
935657.4025877796 1916169.4373615538
935657.4082820512 1916169.4487919214
935657.4139783788 1916169.4602281689
935657.4196765388 1916169.471670303
935657.4253763084 1916169.4831183327
935657.4310774646 1916169.4945722653
935657.4367797843 1916169.506032109
935657.4424830447 1916169.5174978718
935657.4481870226 1916169.5289695614
935657.4538914948 1916169.5404471857
935657.4595962387 1916169.5519307533
935657.465301031 1916169.5634202713
935657.4710056488 1916169.5749157476
935657.4767098691 1916169.586417191
935657.4824134689 1916169.5979246085
935657.488116225 1916169.6094380089
935657.4938179145 1916169.6209573993
935657.4995183145 1916169.632482788
935657.5052172019 1916169.6440141832
935657.5109143538 1916169.6555515924
935657.5166095467 1916169.6670950237
935657.5223025583 1916169.678644485
935657.5279931651 1916169.6901999842
935657.5336811444 1916169.7017615298
935657.5393662727 1916169.7133291287
935657.5450483273 1916169.7249027896
935657.5507270854 1916169.7364825201
935657.5564023237 1916169.7480683282
935657.5620738192 1916169.7596602223
935657.567741349 1916169.7712582096
935657.57340469 1916169.782862298
935657.5790636193 1916169.7944724965
935657.5847179135 1916169.806088812
935657.5903673501 1916169.8177112523
935657.5960117058 1916169.8293398265
935657.6016507577 1916169.8409745411
935657.6072842827 1916169.8526154053
935657.612912058 1916169.8642624263
935657.6185338602 1916169.875915612
935657.6241494666 1916169.887574971
935657.629758654 1916169.8992405103
935657.6353611995 1916169.9109122385
935657.6409568802 1916169.9225901633
935657.6465454728 1916169.9342742926
935657.6521267544 1916169.9459646347
935657.6577005021 1916169.957661197
935657.6632664928 1916169.9693639877
935657.6688245034 1916169.9810730147
935657.674374311 1916169.9927882862
935657.6799156925 1916170.0045098097
935657.6854484251 1916170.016237593
935657.6909722855 1916170.0279716447
935657.6964870509 1916170.0397119722
935657.7019924981 1916170.0514585837
935657.7074884044 1916170.0632114871
935657.7129745465 1916170.07497069
935657.7184507013 1916170.0867362008
935657.723916646 1916170.0985080274
935657.7293721576 1916170.1102861774
935657.734817013 1916170.122070659
935657.7402509892 1916170.1338614798
935657.7456738631 1916170.145658648
935657.7510854119 1916170.157462172
935657.7564854125 1916170.1692720586
935657.7618736417 1916170.1810883165
935657.7672498766 1916170.192910954
935657.7726138944 1916170.204739978
935657.7779654717 1916170.2165753974
935657.783304386 1916170.2284172194
935657.7886304137 1916170.2402654523
935657.7939433322 1916170.252120104
935657.7992429183 1916170.2639811824
935657.8045289491 1916170.275848695
935657.8098012015 1916170.287722651
935657.8150594523 1916170.299603057
935657.8203034789 1916170.3114899218
935657.8255330581 1916170.3233832526
935657.8307479669 1916170.3352830578
935657.835947982 1916170.3471893452
935657.8411328809 1916170.3591021227
935657.8463024402 1916170.3710213988
935657.851456437 1916170.3829471802
935657.8565946483 1916170.3948794762
935657.8617168512 1916170.4068182937
935657.8668228225 1916170.4187636413
935657.8719123391 1916170.4307155265
935657.8769851783 1916170.4426739574
935657.882041117 1916170.4546389421
935657.887079932 1916170.4666104885
935657.8921014004 1916170.478588604
935657.8971052992 1916170.490573297
935657.9020914054 1916170.5025645755
935657.9070594958 1916170.5145624476
935657.9120093477 1916170.5265669206
935657.9169407379 1916170.5385780025
935657.9218534435 1916170.550595702
935657.9267472412 1916170.5626200263
935657.9316219082 1916170.5746509838
935657.9364772217 1916170.5866885819
935657.9413129583 1916170.5987328289
935657.9461288952 1916170.6107837327
935657.9509248092 1916170.6228413014
935657.9557004776 1916170.6349055427
935657.9604556771 1916170.6469764642
935657.9651901848 1916170.6590540744
935657.9699037777 1916170.6711383811
935657.9745962325 1916170.6832293922
935657.9792673269 1916170.6953271157
935657.9839168371 1916170.707431559
935657.9885445405 1916170.7195427308
935657.9931502142 1916170.731660639
935657.9977336347 1916170.7437852907
935658.0022945795 1916170.7559166946
935658.0068328251 1916170.7680548583
935658.011348149 1916170.78019979
935658.0158403278 1916170.7923514973
935658.0203091386 1916170.8045099888
935658.0247543586 1916170.8166752716
935658.0291757644 1916170.8288473533
935658.0335731333 1916170.8410262433
935658.037946242 1916170.8532119486
935658.0422948677 1916170.8654044773
935658.0466187873 1916170.8776038375
935658.0509177779 1916170.8898100362
935658.0551916165 1916170.9020230826
935658.05944008 1916170.9142429843
935658.0636629453 1916170.9264697486
935658.0678599894 1916170.938703384
935658.0720309893 1916170.9509438984
935658.0761757223 1916170.9631912997
935658.0802939648 1916170.9754455958
935658.0843854945 1916170.9877067942
935658.0884500877 1916170.9999749034
935658.0924875218 1916171.0122499312
935658.0964975735 1916171.0245318857
935658.10048002 1916171.0368207744
935658.1044346385 1916171.0491166057
935658.1083612054 1916171.061419387
935658.1122594983 1916171.0737291267
935658.1161292937 1916171.0860458326
935658.1199703688 1916171.0983695127
935658.1237825006 1916171.1107001747
935658.127565466 1916171.1230378265
935658.1313190422 1916171.1353824765
935658.1350430058 1916171.1477341321
935658.1387371343 1916171.160092802
935658.1424012042 1916171.172458493
935658.1460349926 1916171.184831214
935658.1496382768 1916171.1972109722
935658.1532108336 1916171.2095977762
935658.1567524397 1916171.2219916335
935658.1602628725 1916171.234392552
935658.1637419086 1916171.24680054
935658.1671893253 1916171.2592156054
935658.1706048996 1916171.271637756
935658.1739884084 1916171.2840669993
935658.1773396285 1916171.2965033436
935658.1806583372 1916171.3089467974
935658.1839443111 1916171.3213973679
935658.1871973276 1916171.3338550632
935658.1904171635 1916171.346319891
935658.1936035958 1916171.3587918598
935658.1967564014 1916171.3712709772
935658.1998753574 1916171.383757251
935658.2029602408 1916171.3962506894
935658.2060108284 1916171.4087513003
935658.2090268974 1916171.4212590915
935658.2120082248 1916171.433774071
935658.2149545874 1916171.446296247
935658.2178657623 1916171.4588256269
935658.2207415263 1916171.4713622187
935658.2235816567 1916171.483906031
935658.2263859304 1916171.4964570708
935658.2291541242 1916171.5090153469
935658.2318860154 1916171.5215808665
935658.2345813805 1916171.5341536382
935658.237239997 1916171.5467336692
935658.2398616415 1916171.5593209683
935658.2424460913 1916171.5719155427
935658.2449931232 1916171.584517401
935658.2475025142 1916171.5971265498
935658.2499740414 1916171.6097429988
935658.2524074815 1916171.6223667548
935658.2548026118 1916171.6349978263
935658.2571592092 1916171.6476362203
935658.2594770505 1916171.660281946
935658.2617559131 1916171.6729350106
935658.2639955735 1916171.6855954223
935658.2661958091 1916171.6982631888
935658.2683563966 1916171.7109383177
935658.270477113 1916171.723620818
935658.2725577356 1916171.7363106967
935658.2745980409 1916171.7490079622
935658.2765978063 1916171.7617126221
935658.2785568085 1916171.7744246842
935658.2804748246 1916171.7871441573
935658.2823516318 1916171.7998710487
935658.2841870066 1916171.8126053663
935658.2859807266 1916171.825347118
935658.2877325682 1916171.8380963118
935658.2894423088 1916171.850852956
935658.2911097251 1916171.863617058
935658.2927345943 1916171.8763886262
935658.2943166933 1916171.8891676678
935658.2958557991 1916171.9019541917
935658.2973516887 1916171.9147482053
935658.298804139 1916171.9275497166
935658.300212927 1916171.9403587335
935658.3015778299 1916171.9531752637
935658.3028986243 1916171.9659993157
935658.3041750876 1916171.9788308972
935658.3054069965 1916171.991670016
935658.3065941281 1916172.0045166803
935658.3077362593 1916172.017370897
935658.3088331672 1916172.0302326756
935658.3098846287 1916172.0431020232
935658.3108904208 1916172.0559789478
935658.3118503207 1916172.0688634573
935658.312764105 1916172.0817555597
935658.3136315509 1916172.094655263
935658.3144524355 1916172.107562575
935658.3152265353 1916172.1204775039
935658.3159536279 1916172.133400057
935658.31663349 1916172.146330243
935658.3172658988 1916172.1592680695
935658.3178506307 1916172.1722135444
935658.3183874633 1916172.1851666756
935658.3188761733 1916172.198127471
935658.3193165378 1916172.2110959387
935658.3197083338 1916172.2240720866
935658.320051338 1916172.2370559229
935658.320345328 1916172.250047455
935658.3205900801 1916172.2630466907
935658.3207853715 1916172.2760536387
935658.3209309796 1916172.2890683066
935658.3210266806 1916172.302090702
935658.3210722525 1916172.3151208332
935658.3210674713 1916172.328158708
935658.3210121144 1916172.3412043345
935658.3209059591 1916172.3542577203
935658.3207487818 1916172.3673188738
935658.3205403601 1916172.3803878024
935658.3202804703 1916172.3934645145
935658.31996889 1916172.4065490176
935658.3196053957 1916172.41964132
935658.3191897647 1916172.4327414297
935658.318721774 1916172.445849354
935658.3182012005 1916172.4589651015
935658.317627821 1916172.4720886801