935657.964925363 1916190.49602595
935657.9692750188 1916190.5123592652
935657.9735245727 1916190.5286021738
935657.9776744342 1916190.5447550563
935657.9817250128 1916190.5608182931
935657.9856767183 1916190.5767922648
935657.9895299604 1916190.5926773525
935657.9932851486 1916190.6084739366
935657.9969426928 1916190.6241823973
935658.0005030025 1916190.6398031153
935658.0039664875 1916190.6553364717
935658.0073335572 1916190.6707828464
935658.0106046213 1916190.6861426204
935658.0137800897 1916190.7014161744
935658.0168603718 1916190.716603889
935658.0198458777 1916190.7317061443
935658.0227370163 1916190.7467233213
935658.0255341979 1916190.7616558005
935658.028237832 1916190.7765039622
935658.030848328 1916190.7912681876
935658.033366096 1916190.8059488572
935658.0357915454 1916190.8205463511
935658.0381250858 1916190.8350610503
935658.040367127 1916190.849493335
935658.0425180785 1916190.8638435865
935658.0445783501 1916190.8781121848
935658.0465483516 1916190.8922995108
935658.0484284924 1916190.9064059448
935658.0502191822 1916190.9204318672
935658.0519208305 1916190.9343776596
935658.0535338474 1916190.9482437016
935658.0550586423 1916190.9620303742
935658.056495625 1916190.975738058
935658.0578452048 1916190.9893671337
935658.0591077916 1916191.0029179812
935658.060283795 1916191.016390982
935658.0613736248 1916191.029786516
935658.0623776907 1916191.0431049645
935658.0632964022 1916191.0563467077
935658.0641301689 1916191.0695121258
935658.0648794005 1916191.0826016003
935658.0655445067 1916191.095615511
935658.0661258972 1916191.1085542387
935658.0666239817 1916191.1214181643
935658.0670391697 1916191.1342076682
935658.067371871 1916191.1469231306
935658.0676224951 1916191.159564933
935658.0677914519 1916191.1721334553
935658.0678791507 1916191.184629078
935658.0678860015 1916191.1970521822
935658.0678124139 1916191.2094031482
935658.0676587975 1916191.2216823562
935658.0674255618 1916191.233890188
935658.0671131166 1916191.246027023
935658.0667218717 1916191.258093242
935658.0662522366 1916191.2700892263
935658.065704621 1916191.282015356
935658.0650794345 1916191.2938720114
935658.0643770867 1916191.3056595735
935658.0635979876 1916191.3173784227
935658.0627425463 1916191.32902894
935658.0618111731 1916191.3406115058
935658.0608042772 1916191.3521265
935658.0597222684 1916191.3635743042
935658.0585655564 1916191.3749552986
935658.0573345507 1916191.3862698635
935658.0560296611 1916191.39751838
935658.0546512974 1916191.4087012284
935658.0531998689 1916191.4198187892
935658.0516757856 1916191.4308714434
935658.0500794569 1916191.4418595713
935658.0484112925 1916191.4527835536
935658.0466717022 1916191.4636437707
935658.0448610957 1916191.4744406033
935658.0429798824 1916191.4851744322
935658.0410284721 1916191.4958456377
935658.0390072746 1916191.5064546007
935658.0369166993 1916191.5170017013
935658.034757156 1916191.5274873208
935658.0325290543 1916191.5379118393
935658.0302328039 1916191.548275637
935658.0278688144 1916191.5585790954
935658.0254374957 1916191.5688225946
935658.0229392572 1916191.5790065154
935658.0203745087 1916191.5891312384
935658.0177436596 1916191.5991971437
935658.0150471198 1916191.6092046127
935658.012285299 1916191.6191540253
935658.0094586067 1916191.6290457621
935658.0065674526 1916191.6388802044
935658.0036122465 1916191.6486577324
935658.0005933978 1916191.6583787263
935657.9975113163 1916191.6680435673
935657.9943664117 1916191.6776526356
935657.9911590936 1916191.6872063118
935657.9878897718 1916191.696704977
935657.9845588558 1916191.7061490114
935657.9811667551 1916191.715538795
935657.9777138798 1916191.7248747097
935657.9742006392 1916191.734157135
935657.970627443 1916191.743386452
935657.9669947011 1916191.7525630414
935657.9633028228 1916191.7616872834
935657.9595522181 1916191.7707595588
935657.9557432964 1916191.7797802482
935657.9518764674 1916191.788749732
935657.947952141 1916191.7976683911
935657.9439707267 1916191.8065366063
935657.939932634 1916191.8153547575
935657.9358382727 1916191.8241232259
935657.9316880526 1916191.8328423914
935657.9274823831 1916191.8415126354
935657.9232216739 1916191.850134338
935657.9189063349 1916191.8587078801
935657.9145367757 1916191.8672336421
935657.9101134054 1916191.8757120045
935657.9056366344 1916191.8841433483
935657.9011068721 1916191.8925280534
935657.896524528 1916191.900866501
935657.8918900122 1916191.9091590717
935657.8872037338 1916191.9174061457
935657.8824661027 1916191.925608104
935657.8776775285 1916191.9337653269
935657.872838421 1916191.9418781947
935657.8679491897 1916191.949947089
935657.8630102446 1916191.9579723894
935657.8580219949 1916191.9659544767
935657.8529848504 1916191.9738937323
935657.847899221 1916191.9817905354
935657.842765516 1916191.989645268
935657.8375841454 1916191.9974583096
935657.8323555186 1916192.0052300415
935657.8270800454 1916192.012960844
935657.8217581352 1916192.0206510979
935657.8163901981 1916192.0283011834
935657.8109766435 1916192.0359114814
935657.8055178811 1916192.0434823725
935657.8000143203 1916192.0510142369
935657.7944663713 1916192.058507456
935657.7888744433 1916192.0659624098
935657.7832389461 1916192.0733794787
935657.7775602895 1916192.0807590438
935657.771838883 1916192.0881014855
935657.7660751363 1916192.0954071842
935657.760269459 1916192.1026765208
935657.7544222609 1916192.109909876
935657.7485339514 1916192.11710763
935657.7426049405 1916192.1242701637
935657.7366356377 1916192.1313978573
935657.7306264527 1916192.1384910916
935657.7245777949 1916192.1455502475
935657.7184900743 1916192.1525757054
935657.7123637004 1916192.1595678458
935657.7061990829 1916192.1665270492
935657.6999966314 1916192.1734536963
935657.6937567557 1916192.180348168
935657.6874798652 1916192.1872108446
935657.6811663697 1916192.1940421064
935657.674816679 1916192.2008423347
935657.6684312026 1916192.2076119094
935657.6620103503 1916192.2143512114
935657.6555545316 1916192.2210606216
935657.6490641562 1916192.2277405204
935657.6425396337 1916192.2343912877
935657.635981374 1916192.241013305
935657.6293897864 1916192.2476069527
935657.6227652809 1916192.254172611
935657.6161082669 1916192.260710661
935657.6094191541 1916192.267221483
935657.6026983524 1916192.2737054578
935657.5959462712 1916192.2801629656
935657.5891633203 1916192.2865943874
935657.5823499092 1916192.2930001037
935657.5755064477 1916192.299380495
935657.5686333454 1916192.305735942
935657.561731012 1916192.312066825
935657.5547998572 1916192.318373525
935657.5478402906 1916192.3246564225
935657.5408527217 1916192.3309158979
935657.5338375603 1916192.3371523318
935657.5267952164 1916192.343366105
935657.519726099 1916192.3495575981
935657.5126306182 1916192.3557271915
935657.5055091834 1916192.361875266
935657.4983622046 1916192.368002202
935657.4911900912 1916192.3741083802
935657.483993253 1916192.3801941813
935657.4767720995 1916192.3862599856
935657.4695270405 1916192.392306174
935657.4622584855 1916192.3983331267
935657.4549668443 1916192.4043412246
935657.4476525267 1916192.4103308488
935657.4403159419 1916192.416302379
935657.4329574999 1916192.422256196
935657.4255776104 1916192.4281926807
935657.4181766829 1916192.4341122133
935657.4107551271 1916192.440015175
935657.4033133526 1916192.4459019457
935657.3958517693 1916192.4517729064
935657.3883707864 1916192.4576284378
935657.3808708141 1916192.4634689202
935657.3733522617 1916192.469294734
935657.365815539 1916192.4751062605
935657.3582610557 1916192.4809038797
935657.3506892212 1916192.4866879724
935657.3431004455 1916192.4924589193
935657.335495138 1916192.4982171007
935657.3278737084 1916192.5039628975
935657.3202365665 1916192.5096966904
935657.3125841221 1916192.5154188594
935657.3049167843 1916192.5211297858
935657.2972349632 1916192.5268298495
935657.2895390684 1916192.5325194316
935657.2818295094 1916192.5381989125
935657.274106696 1916192.543868673
935657.2663710379 1916192.5495290933
935657.2586229447 1916192.5551805545
935657.250862826 1916192.5608234366
935657.2430910914 1916192.5664581207
935657.235308151 1916192.5720849873
935657.2275144138 1916192.5777044166
935657.2197102897 1916192.58331679
935657.2118961887 1916192.588922487
935657.2040725201 1916192.5945218895
935657.1962396937 1916192.6001153768
935657.188398119 1916192.6057033304
935657.180548206 1916192.6112861303
935657.172690364 1916192.6168641578
935657.1648250025 1916192.6224377928
935657.1569525319 1916192.6280074161
935657.1490733612 1916192.6335734085
935657.1411879003 1916192.6391361505
935657.1332965587 1916192.6446960224
935657.1253997465 1916192.6502534056
935657.1174978728 1916192.6558086795
935657.1095913475 1916192.6613622257
935657.1016805803 1916192.6669144244
935657.0937659809 1916192.6724656562
935657.0858479588 1916192.6780163017
935657.0779269238 1916192.6835667416
935657.0700032855 1916192.6891173562
935657.0620774534 1916192.6946685265
935657.0541498375 1916192.7002206328
935657.046220847 1916192.7057740558
935657.0382908923 1916192.7113291763
935657.0303603822 1916192.7168863744
935657.0224297268 1916192.7224460312
935657.0144993358 1916192.728008527
935657.0065696187 1916192.7335742423
935656.9986409853 1916192.739143558
935656.990713845 1916192.7447168548
935656.982788608 1916192.7502945128
935656.9748656832 1916192.7558769127
935656.9669454809 1916192.7614644356
935656.9590284106 1916192.7670574617
935656.9511148816 1916192.7726563716
935656.943205304 1916192.7782615456
935656.9353000873 1916192.7838733648
935656.9273996411 1916192.78949221
935656.9195043751 1916192.7951184611
935656.911614699 1916192.800752499
935656.9037310226 1916192.8063947044
935656.8958537551 1916192.8120454578
935656.8879833065 1916192.8177051395
935656.8801200866 1916192.8233741308
935656.8722645048 1916192.829052812
935656.8644169706 1916192.834741563
935656.8565778941 1916192.8404407655
935656.8487476847 1916192.8461507994
935656.8409267522 1916192.8518720453
935656.8331155061 1916192.8576048843
935656.825314356 1916192.8633496964
935656.8175237117 1916192.8691068627
935656.809743983 1916192.8748767632
935656.8019755792 1916192.8806597793
935656.7942189102 1916192.8864562907
935656.7864743858 1916192.8922666786
935656.7787424152 1916192.8980913234
935656.7710234084 1916192.903930606
935656.7633177752 1916192.9097849063
935656.7556259248 1916192.9156546057
935656.7479482671 1916192.921540084
935656.7402852119 1916192.9274417225
935656.7326371687 1916192.9333599014
935656.7250045472 1916192.9392950016
935656.7173877569 1916192.9452474033
935656.7097872078 1916192.9512174875
935656.7022033092 1916192.9572056346
935656.694636471 1916192.963212225
935656.6870871027 1916192.9692376393
935656.6795556141 1916192.9752822584
935656.6720424148 1916192.9813464626
935656.6645479143 1916192.987430633
935656.6570725226 1916192.9935351496
935656.649616649 1916192.9996603935
935656.6421807035 1916193.0058067448
935656.6347650954 1916193.0119745843
935656.6273702348 1916193.018164293
935656.6199965309 1916193.0243762508
935656.6126443936 1916193.0306108387
935656.6053142326 1916193.0368684372
935656.5980064574 1916193.043149427
935656.5907214778 1916193.0494541884
935656.5834597034 1916193.0557831023
935656.5762215438 1916193.0621365493
935656.5690074087 1916193.0685149098
935656.5618177077 1916193.0749185644
935656.5546528508 1916193.0813478942
935656.5475132472 1916193.087803279
935656.5403993068 1916193.0942850998
935656.5333114391 1916193.1007937372
935656.5262500541 1916193.1073295719
935656.5192155611 1916193.113892984
935656.5122083698 1916193.120484355
935656.5052288901 1916193.1271040644
935656.4982775314 1916193.1337524937
935656.4913547034 1916193.140430023
935656.4844608159 1916193.1471370333
935656.4775962785 1916193.1538739046
935656.4707615008 1916193.1606410178
935656.4639568926 1916193.1674387539
935656.4571828634 1916193.1742674927
935656.4504398229 1916193.1811276155
935656.4437281807 1916193.1880195024
935656.4370483466 1916193.1949435344
935656.4304007302 1916193.2019000915
935656.4237857412 1916193.2088895552
935656.417203789 1916193.2159123053
935656.4106552838 1916193.2229687227
935656.4041406346 1916193.2300591879
935656.3976602516 1916193.237184082
935656.3912145441 1916193.2443437846
935656.384803922 1916193.2515386771
935656.3784287948 1916193.2587691399
935656.3720895721 1916193.2660355535
935656.365786664 1916193.2733382988
935656.3595204797 1916193.2806777558
935656.3532914288 1916193.2880543056
935656.3470999214 1916193.2954683285
935656.3409463668 1916193.3029202053
935656.3348311747 1916193.3104103163
935656.328754755 1916193.3179390426
935656.322717517 1916193.3255067645
935656.3167198708 1916193.3331138627
935656.3107622257 1916193.3407607176
935656.3048449914 1916193.3484477098
935656.2989685776 1916193.35617522
935656.293133394 1916193.363943629
935656.2873398503 1916193.3717533168
935656.2815883562 1916193.3796046644
935656.275879321 1916193.3874980528
935656.2702131548 1916193.3954338618
935656.264590267 1916193.4034124725
935656.2590110675 1916193.4114342653
935656.2534759657 1916193.4194996213
935656.2479853713 1916193.42760892
935656.242539694 1916193.4357625428
935656.2371393434 1916193.4439608704
935656.2317847294 1916193.4522042829
935656.2264762615 1916193.4604931613
935656.2212143493 1916193.4688278858
935656.2159994025 1916193.4772088374
935656.2108318306 1916193.4856363963
935656.2057120437 1916193.4941109433
935656.2006404509 1916193.5026328596
935656.1956174624 1916193.5112025246
935656.1906434875 1916193.5198203197
935656.1857189358 1916193.528486625
935656.1808442173 1916193.5372018218
935656.1760197415 1916193.5459662902
935656.1712459179 1916193.5547804106
935656.1665231563 1916193.563644564
935656.1618518665 1916193.5725591308
935656.157232458 1916193.5815244918
935656.1526653405 1916193.5905410277
935656.1481509233 1916193.5996091187
935656.1436896167 1916193.6087291453
935656.1392818299 1916193.6179014884
935656.1349279728 1916193.6271265286
935656.130628455 1916193.6364046463
935656.126383686 1916193.6457362224
935656.1221940756 1916193.6551216373
935656.1180600335 1916193.6645612717
935656.1139819692 1916193.674055506
935656.1099602926 1916193.683604721
935656.105995413 1916193.693209297
935656.1020877406 1916193.7028696148
935656.0982376846 1916193.712586055
935656.0944456545 1916193.7223589984
935656.0907120607 1916193.7321888253
935656.0870373121 1916193.7420759161
935656.0834218188 1916193.752020652
935656.0798659903 1916193.762023413
935656.0763702363 1916193.7720845805
935656.0729349664 1916193.7822045342
935656.0695605903 1916193.792383655
935656.0662475177 1916193.8026223234
935656.0629961583 1916193.8129209203
935656.0598069215 1916193.8232798262
935656.0566802174 1916193.8336994215
935656.053616455 1916193.8441800869
935656.0506160447 1916193.8547222032
935656.0476793958 1916193.8653261508
935656.0448069178 1916193.8759923102
935656.0419990206 1916193.8867210625
935656.0392561138 1916193.8975127875
935656.036578607 1916193.9083678662
935656.0339669101 1916193.9192866792
935656.0314214323 1916193.930269607
935656.0289425838 1916193.9413170307
935656.0265307738 1916193.95242933
935656.0241864121 1916193.9636068863
935656.0219099085 1916193.97485008
935656.0197016726 1916193.9861592911
935656.0175621139 1916193.997534901
935656.0154916423 1916194.0089772898
935656.0134906672 1916194.0204868382
935656.0115595985 1916194.0320639268
935656.0096988458 1916194.0437089363
935656.0079088185 1916194.0554222474
935656.0061899268 1916194.0672042402
935656.0045425798 1916194.079055296
935656.0029671874 1916194.090975795
935656.0014641592 1916194.1029661177
935656.0000339051 1916194.1150266447
935655.9986768345 1916194.1271577568
935655.9973933571 1916194.1393598344
935655.9961838825 1916194.1516332582
935655.9950488205 1916194.163978409
935655.9939885807 1916194.1763956668
935655.9930035729 1916194.1888854129
935655.9920942063 1916194.2014480275
935655.9912608912 1916194.2140838914
935655.9905040367 1916194.2267933849
935655.9898240528 1916194.2395768887
935655.9892213491 1916194.2524347836
935655.9886963351 1916194.26536745
935655.9882494208 1916194.2783752684
935655.9878810154 1916194.2914586198
935655.9875915288 1916194.3046178843
935655.9873813707 1916194.3178534429
935655.9872509507 1916194.3311656762
935655.9872006786 1916194.3445549645
935655.9872309638 1916194.3580216882
935655.9873422161 1916194.3715662283
935655.9875348451 1916194.3851889656
935655.9878092605 1916194.3988902802
935655.9881658719 1916194.412670553
935655.9886050893 1916194.426530164
935655.9891273218 1916194.4404694948
935655.9897329794 1916194.4544889252
935655.9904224717 1916194.4685888367
935655.9911962083 1916194.4827696087
935655.992054599 1916194.4970316226
935655.9929980532 1916194.5113752587
935655.9940269811 1916194.5258008973
935655.9951417915 1916194.5403089197
935655.996342895 1916194.554899706
935655.9976307006 1916194.569573637
935655.999005618 1916194.5843310934
935656.0004680573 1916194.5991724555
935656.0020184278 1916194.6140981042
935656.0036571393 1916194.6291084196
935656.0053846013 1916194.6442037828
935656.0072012235 1916194.6593845743
935656.0091074157 1916194.6746511743
935656.0111035873 1916194.690003964
935656.0131901485 1916194.7054433236
935656.0153675083 1916194.720969634
935656.0176360768 1916194.736583275
935656.0199962634 1916194.7522846283
935656.022448478 1916194.768074074
935656.02499313 1916194.7839519924
935656.0276306293 1916194.7999187645
935656.0303613853 1916194.8159747708
935656.0331858079 1916194.8321203915
935656.0361043067 1916194.848356008
935656.0391172912 1916194.8646820001
935656.0422251712 1916194.8810987489
935656.0454283564 1916194.897606635
935656.0487272565 1916194.914206039
935656.052122281 1916194.9308973409
935656.0556138394 1916194.947680922
935656.0592023418 1916194.9645571623
935656.0628881975 1916194.9815264428
935656.0666718164 1916194.998589144
935656.0705536081 1916195.0157456466
935656.0745339821 1916195.032996331
935656.0786133482 1916195.0503415782
935656.082792116 1916195.0677817683
935656.0870706951 1916195.0853172822
935656.0914494954 1916195.1029485003
935656.0959289264 1916195.1206758032
935656.1005093977 1916195.1384995715
935656.1051913189 1916195.156420186
935656.1099751 1916195.1744380272
935656.1148611503 1916195.1925534755
935656.1198498796 1916195.2107669115
935656.1249416977 1916195.2290787161
935656.1301370141 1916195.2474892698