935658.317627821 1916172.47208868
935658.3166055321 1916172.525202643
935658.315583243 1916172.5783166059
935658.3145609541 1916172.631430569
935658.3135386651 1916172.684544532
935658.3125163761 1916172.737658495
935658.3114940872 1916172.790772458
935658.3104717982 1916172.8438864213
935658.3094495093 1916172.8970003843
935658.3084272203 1916172.9501143473
935658.3074049313 1916173.0032283103
935658.3063826424 1916173.0563422735
935658.3053603533 1916173.1094562365
935658.3043380644 1916173.1625701995
935658.3033157755 1916173.2156841625
935658.3022934864 1916173.2687981257
935658.3012711975 1916173.3219120887
935658.3002489085 1916173.3750260517
935658.2992266195 1916173.4281400146
935658.2982043306 1916173.4812539779
935658.2971820416 1916173.5343679409
935658.2961597526 1916173.5874819038
935658.2951374636 1916173.6405958668
935658.2941151747 1916173.69370983
935658.2930928858 1916173.746823793
935658.2920705967 1916173.799937756
935658.2910483078 1916173.853051719
935658.2900260189 1916173.9061656822
935658.2890037298 1916173.9592796452
935658.2879814409 1916174.0123936082
935658.2869591519 1916174.0655075712
935658.2859368629 1916174.1186215344
935658.284914574 1916174.1717354974
935658.283892285 1916174.2248494604
935658.282869996 1916174.2779634234
935658.281847707 1916174.3310773866
935658.2808254181 1916174.3841913496
935658.2798031291 1916174.4373053126
935658.2787808401 1916174.4904192756
935658.2777585512 1916174.5435332388
935658.2767362623 1916174.5966472018
935658.2757139732 1916174.6497611648
935658.2746916843 1916174.7028751278
935658.2736693952 1916174.755989091
935658.2726471063 1916174.809103054
935658.2716248174 1916174.862217017
935658.2706025284 1916174.91533098
935658.2695802394 1916174.968444943
935658.2685579504 1916175.0215589062
935658.2675356615 1916175.0746728692
935658.2665133725 1916175.1277868322
935658.2654910835 1916175.1809007952
935658.2644687946 1916175.2340147584
935658.2634465056 1916175.2871287214
935658.2624242166 1916175.3402426844
935658.2614019277 1916175.3933566473
935658.2603796386 1916175.4464706106
935658.2593573497 1916175.4995845736
935658.2583350608 1916175.5526985365
935658.2573127717 1916175.6058124995
935658.2562904828 1916175.6589264628
935658.2552681938 1916175.7120404257
935658.2542459049 1916175.7651543887
935658.2532236159 1916175.8182683517
935658.2522013269 1916175.871382315
935658.251179038 1916175.924496278
935658.2501567489 1916175.977610241
935658.24913446 1916176.030724204
935658.2481121711 1916176.0838381671
935658.247089882 1916176.1369521301
935658.2460675931 1916176.190066093
935658.2450453042 1916176.243180056
935658.2440230151 1916176.2962940193
935658.2430007262 1916176.3494079823
935658.2419784372 1916176.4025219453
935658.2409561482 1916176.4556359083
935658.2399338593 1916176.5087498715
935658.2389115703 1916176.5618638345
935658.2378892814 1916176.6149777975
935658.2368669923 1916176.6680917605
935658.2358447034 1916176.7212057237
935658.2348224145 1916176.7743196867
935658.2338001254 1916176.8274336497
935658.2327778365 1916176.8805476127
935658.2322516103 1916176.9080559702
935658.2318245965 1916176.9304432066
935658.2313975828 1916176.9528304427
935658.2309705692 1916176.975217679
935658.2305435555 1916176.9976049154
935658.2301165417 1916177.0199921518
935658.229689528 1916177.0423793881
935658.2292625144 1916177.0647666245
935658.2288355007 1916177.0871538606
935658.2284084869 1916177.109541097
935658.2279814732 1916177.1319283333
935658.2275544596 1916177.1543155697
935658.2271274459 1916177.176702806
935658.2267004321 1916177.1990900424
935658.2262734184 1916177.2214772785
935658.2258464048 1916177.2438645149
935658.2254193911 1916177.2662517512
935658.2249923773 1916177.2886389876
935658.2245653636 1916177.311026224
935658.22413835 1916177.33341346
935658.2237113363 1916177.3558006964
935658.2232843225 1916177.3781879328
935658.2228573088 1916177.4005751691
935658.2224302952 1916177.4229624055
935658.2220032815 1916177.4453496418
935658.2215762677 1916177.467736878
935658.221149254 1916177.4901241143
935658.2207222404 1916177.5125113507
935658.2202952267 1916177.534898587
935658.2198682129 1916177.5572858234
935658.2194411992 1916177.5796730595
935658.2190141856 1916177.6020602959
935658.2185871719 1916177.6244475322
935658.2181601581 1916177.6468347686
935658.2177331444 1916177.669222005
935658.2173061308 1916177.6916092413
935658.2168791171 1916177.7139964774
935658.2164521033 1916177.7363837138
935658.2160250896 1916177.7587709501
935658.215598076 1916177.7811581865
935658.2151710623 1916177.8035454229
935658.2147440485 1916177.825932659
935658.2143170348 1916177.8483198953
935658.2138900212 1916177.8707071317
935658.2134630075 1916177.893094368
935658.2130359937 1916177.9154816044
935658.21260898 1916177.9378688408
935658.2121819664 1916177.9602560769
935658.2117549527 1916177.9826433132
935658.211327939 1916178.0050305496
935658.2109009252 1916178.027417786
935658.2104739116 1916178.0498050223
935658.2100468979 1916178.0721922584
935658.2096198841 1916178.0945794948
935658.2091928704 1916178.1169667311
935658.2087658568 1916178.1393539675
935658.2083388431 1916178.1617412039
935658.2079118293 1916178.1841284402
935658.2074848156 1916178.2065156763
935658.207057802 1916178.2289029127
935658.2066307883 1916178.251290149
935658.2062037745 1916178.2736773854
935658.2057767608 1916178.2960646218
935658.2053497472 1916178.318451858
935658.2049227335 1916178.3408390942
935658.2044957198 1916178.3632263306
935658.204068706 1916178.385613567
935658.2036416924 1916178.4080008033
935658.2032146787 1916178.4303880397
935658.202787665 1916178.4527752758
935658.2023606512 1916178.4751625122
935658.2019336376 1916178.4975497485
935658.2015066239 1916178.5199369849
935658.2010796102 1916178.5423242212
935658.2006525964 1916178.5647114576
935658.2002255828 1916178.5870986937
935658.1997985691 1916178.60948593
935658.1993715554 1916178.6318731664
935658.1989445416 1916178.6542604028
935658.198517528 1916178.6766476391
935658.1980905143 1916178.6990348753
935658.1976635006 1916178.7214221116
935658.1972364868 1916178.743809348
935658.196659441 1916178.7736388405
935658.1960073791 1916178.807189461
935658.1953553172 1916178.8407400816
935658.1947032552 1916178.8742907024
935658.1940511933 1916178.907841323
935658.1933991314 1916178.9413919435
935658.1927470694 1916178.974942564
935658.1920950075 1916179.0084931846
935658.1914429456 1916179.0420438054
935658.1907908836 1916179.075594426
935658.1901388217 1916179.1091450464
935658.1894867598 1916179.142695667
935658.1888346978 1916179.1762462878
935658.1881826359 1916179.2097969083
935658.187530574 1916179.2433475289
935658.186878512 1916179.2768981494
935658.1862264501 1916179.3104487702
935658.1855743882 1916179.3439993907
935658.1849223264 1916179.3775500113
935658.1842702643 1916179.4111006318
935658.1836182025 1916179.4446512524
935658.1829661406 1916179.4782018731
935658.1823140786 1916179.5117524937
935658.1816620167 1916179.5453031142
935658.1810099548 1916179.5788537348
935658.1803578928 1916179.6124043555
935658.1797058309 1916179.645954976
935658.179053769 1916179.6795055966
935658.178401707 1916179.7130562172
935658.1777496451 1916179.746606838
935658.1770975832 1916179.7801574585
935658.1764455212 1916179.813708079
935658.1757934593 1916179.8472586996
935658.1751413974 1916179.8808093201
935658.1744893355 1916179.914359941
935658.1738372735 1916179.9479105615
935658.1731852116 1916179.981461182
935658.1725331497 1916180.0150118025
935658.1718810877 1916180.0485624233
935658.1712290258 1916180.0821130439
935658.1705769639 1916180.1156636644
935658.1699249019 1916180.149214285
935658.16927284 1916180.1827649057
935658.1686207781 1916180.2163155263
935658.1679687161 1916180.2498661468
935658.1673166542 1916180.2834167674
935658.1666645923 1916180.3169673881
935658.1660125304 1916180.3505180087
935658.1653604684 1916180.3840686292
935658.1647084065 1916180.4176192498
935658.1640563447 1916180.4511698703
935658.1634042826 1916180.484720491
935658.1627522208 1916180.5182711117
935658.1621001589 1916180.5518217322
935658.1614480969 1916180.5853723527
935658.160796035 1916180.6189229735
935658.1601439731 1916180.652473594
935658.1594919111 1916180.6860242146
935658.1588398492 1916180.7195748352
935658.1581877873 1916180.753125456
935658.1575357253 1916180.7866760765
935658.1568836634 1916180.820226697
935658.1562316015 1916180.8537773176
935658.1555795396 1916180.887327938
935658.1549274776 1916180.920878559
935658.1542754157 1916180.9544291794
935658.1536233538 1916180.9879798
935658.1529712918 1916181.0215304205
935658.1523192299 1916181.0550810413
935658.151667168 1916181.0886316618
935658.151015106 1916181.1221822824
935658.1503630441 1916181.155732903
935658.1497109822 1916181.1892835237
935658.1490589202 1916181.2228341443
935658.1484068583 1916181.2563847648
935658.1477547964 1916181.2899353853
935658.1471027345 1916181.323486006
935658.1464506725 1916181.3570366267
935658.1457986106 1916181.3905872472
935658.1451465487 1916181.4241378678
935658.1444944867 1916181.4576884883
935658.1438424248 1916181.491239109
935658.143190363 1916181.5247897296
935658.1425077092 1916181.5595118543
935658.1417944639 1916181.595405483
935658.1410812185 1916181.6312991115
935658.1403679731 1916181.6671927401
935658.1396547277 1916181.703086369
935658.1389414823 1916181.7389799976
935658.1382282369 1916181.7748736262
935658.1375149915 1916181.8107672548
935658.1368017461 1916181.8466608834
935658.1360885007 1916181.8825545122
935658.1353752554 1916181.9184481408
935658.1346620099 1916181.9543417695
935658.1339487645 1916181.990235398
935658.1332355192 1916182.026129027
935658.1325222737 1916182.0620226555
935658.1318090283 1916182.097916284
935658.131095783 1916182.1338099127
935658.1303825376 1916182.1697035413
935658.1296692921 1916182.2055971702
935658.1289560468 1916182.2414907988
935658.1282428014 1916182.2773844274
935658.127529556 1916182.313278056
935658.1268163106 1916182.3491716848
935658.1261030652 1916182.3850653134
935658.1253898198 1916182.420958942
935658.1246765744 1916182.4568525706
935658.123963329 1916182.4927461995
935658.1232500836 1916182.528639828
935658.1225368383 1916182.5645334567
935658.1218235928 1916182.6004270853
935658.1211103474 1916182.636320714
935658.1203971021 1916182.6722143427
935658.1196838566 1916182.7081079714
935658.1189706112 1916182.7440016
935658.1182573659 1916182.7798952286
935658.1175441205 1916182.8157888574
935658.116830875 1916182.851682486
935658.1161176297 1916182.8875761146
935658.1154043843 1916182.9234697432
935658.1146911388 1916182.9593633718
935658.1139778935 1916182.9952570007
935658.1132646481 1916183.0311506293
935658.1125514028 1916183.067044258
935658.1118381573 1916183.1029378865
935658.1111249119 1916183.1388315153
935658.1104116666 1916183.174725144
935658.1096984212 1916183.2106187725
935658.1089851757 1916183.2465124012
935658.1082719304 1916183.2824060298
935658.107558685 1916183.3182996586
935658.1068454395 1916183.3541932872
935658.1061321942 1916183.3900869158
935658.1054189488 1916183.4259805444
935658.1047057034 1916183.4618741733
935658.103992458 1916183.4977678019
935658.1032792126 1916183.5336614305
935658.1025659672 1916183.569555059
935658.1018527218 1916183.605448688
935658.1011394764 1916183.6413423165
935658.100426231 1916183.6772359451
935658.0997129857 1916183.7131295737
935658.0989997402 1916183.7490232023
935658.0982864948 1916183.7849168312
935658.0975732495 1916183.8208104598
935658.0968600041 1916183.8567040884
935658.0961467586 1916183.892597717
935658.0954335133 1916183.9284913458
935658.0947202679 1916183.9643849744
935658.0940070224 1916184.000278603
935658.0932937771 1916184.0361722317
935658.0925805317 1916184.0720658603
935658.0918672864 1916184.107959489
935658.0911540409 1916184.1438531177
935658.0904407955 1916184.1797467463
935658.0897275502 1916184.215640375
935658.0890143047 1916184.2515340038
935658.0883010593 1916184.2874276324
935658.087587814 1916184.323321261
935658.0868745686 1916184.3592148896
935658.0861613231 1916184.3951085184
935658.0854480778 1916184.431002147
935658.0847348324 1916184.4668957756
935658.084021587 1916184.5027894042
935658.083308405 1916184.5386790272
935658.0825953498 1916184.5745606385
935658.0818822945 1916184.6104422498
935658.0811692394 1916184.646323861
935658.0804561841 1916184.6822054726
935658.0797431289 1916184.718087084
935658.0790300736 1916184.7539686952
935658.0783170185 1916184.7898503065
935658.0776039632 1916184.825731918
935658.076890908 1916184.8616135293
935658.0761778527 1916184.8974951406
935658.0754647976 1916184.9333767518
935658.0747517423 1916184.9692583634
935658.074038687 1916185.0051399746
935658.0733256319 1916185.041021586
935658.0726125767 1916185.0769031972
935658.0718995214 1916185.1127848087
935658.0711864661 1916185.14866642
935658.070473411 1916185.1845480313
935658.0697603557 1916185.2204296426
935658.0690473005 1916185.256311254
935658.0683342452 1916185.2921928654
935658.0676211901 1916185.3280744767
935658.0669081348 1916185.363956088
935658.0661950796 1916185.3998376995
935658.0654820245 1916185.4357193108
935658.0647689692 1916185.471600922
935658.064055914 1916185.5074825333
935658.0633428587 1916185.5433641449
935658.0626298035 1916185.5792457561
935658.0619167483 1916185.6151273674
935658.061203693 1916185.6510089787
935658.0604906378 1916185.6868905902
935658.0597775826 1916185.7227722015
935658.0590645274 1916185.7586538128
935658.0583514721 1916185.794535424
935658.057638417 1916185.8304170354
935658.0569253617 1916185.866298647
935658.0562123065 1916185.9021802582
935658.0554992512 1916185.9380618695
935658.0547861961 1916185.9739434808
935658.0540731408 1916186.0098250923
935658.0533600856 1916186.0457067036
935658.0526470303 1916186.0815883148
935658.0519339752 1916186.1174699261
935658.0512209199 1916186.1533515377
935658.0505078647 1916186.189233149
935658.0497948095 1916186.2251147602
935658.0490817543 1916186.2609963715
935658.048368699 1916186.296877983
935658.0476556438 1916186.3327595943
935658.0469425886 1916186.3686412056
935658.0462295334 1916186.4045228169
935658.0455164781 1916186.4404044284
935658.0448034229 1916186.4762860397
935658.0440903677 1916186.512167651
935658.0433773125 1916186.5480492623
935658.0426642572 1916186.5839308738
935658.0419512021 1916186.619812485
935658.0412381468 1916186.6556940963
935658.0405250916 1916186.6915757076
935658.0398120363 1916186.7274573192
935658.0390989812 1916186.7633389304
935658.0383859259 1916186.7992205417
935658.0376728707 1916186.835102153
935658.0369598154 1916186.8709837645
935658.0362467603 1916186.9068653758
935658.035533705 1916186.942746987
935658.0348206498 1916186.9786285984
935658.0341075946 1916187.0145102097
935658.0333945394 1916187.0503918212
935658.0326814841 1916187.0862734325
935658.0319684289 1916187.1221550438
935658.0312553737 1916187.158036655
935658.0305423185 1916187.1939182666
935658.0298292632 1916187.2297998779
935658.029116208 1916187.2656814891
935658.0284031528 1916187.3015631004
935658.0276900976 1916187.337444712
935658.0269770423 1916187.3733263232
935658.0262639872 1916187.4092079345
935658.0255509319 1916187.4450895458
935658.0248378767 1916187.4809711573
935658.0241247896 1916187.5168547714
935658.0234115436 1916187.5527484
935658.0226982974 1916187.5886420289
935658.0219850513 1916187.6245356575
935658.0212718053 1916187.660429286
935658.0205585591 1916187.6963229147
935658.019845313 1916187.7322165433
935658.0191320669 1916187.7681101721
935658.0184188208 1916187.8040038007
935658.0177055747 1916187.8398974293
935658.0169923286 1916187.875791058
935658.0162790825 1916187.9116846868
935658.0155658363 1916187.9475783154
935658.0148525903 1916187.983471944
935658.0141393442 1916188.0193655726
935658.013426098 1916188.0552592012
935658.012712852 1916188.09115283
935658.0119996059 1916188.1270464587
935658.0112863597 1916188.1629400873
935658.0105731137 1916188.1988337159
935658.0098598675 1916188.2347273445
935658.0091466215 1916188.2706209733
935658.0084333754 1916188.306514602
935658.0077201292 1916188.3424082305
935658.0070068832 1916188.3783018591
935658.006293637 1916188.414195488
935658.0055803909 1916188.4500891166
935658.0048671449 1916188.4859827452
935658.0041538987 1916188.5218763738
935658.0034406526 1916188.5577700024
935658.0027274064 1916188.5936636312
935658.0020141604 1916188.6295572598
935658.0013009143 1916188.6654508885
935658.0005876682 1916188.701344517
935657.9998744221 1916188.7372381457
935657.999161176 1916188.7731317745
935657.9984479299 1916188.809025403
935657.9977346838 1916188.8449190317
935657.9970214376 1916188.8808126603
935657.9963081916 1916188.9167062892
935657.9955949455 1916188.9525999178
935657.9948816993 1916188.9884935464
935657.9941684533 1916189.024387175
935657.9934552071 1916189.0602808036
935657.992741961 1916189.0961744324
935657.992028715 1916189.132068061
935657.9913154688 1916189.1679616896
935657.9906022227 1916189.2038553183
935657.9898889767 1916189.2397489469
935657.9891757305 1916189.2756425757
935657.9884624844 1916189.3115362043
935657.9877492383 1916189.347429833
935657.9870359922 1916189.3833234615
935657.9863227461 1916189.4192170904
935657.9856095 1916189.455110719
935657.9848962539 1916189.4910043476
935657.9841830077 1916189.5268979762
935657.9834697617 1916189.5627916048
935657.9827565156 1916189.5986852336
935657.9820432694 1916189.6345788622
935657.9813300234 1916189.6704724908
935657.9806167773 1916189.7063661194
935657.9799035311 1916189.742259748
935657.9791902851 1916189.778153377
935657.9784770389 1916189.8140470055
935657.9777637928 1916189.849940634
935657.9770505468 1916189.8858342627
935657.9763373006 1916189.9217278915
935657.9756240546 1916189.9576215202
935657.9749108084 1916189.9935151488
935657.9741975623 1916190.0294087774
935657.9734843163 1916190.065302406
935657.9727710701 1916190.1011960348
935657.972057824 1916190.1370896634
935657.9713445778 1916190.172983292
935657.9706313318 1916190.2088769206
935657.9699180857 1916190.2447705492
935657.9692048396 1916190.280664178
935657.9684915935 1916190.3165578067
935657.9677783474 1916190.3524514353
935657.9670651013 1916190.388345064
935657.9663518552 1916190.4242386927
935657.965638609 1916190.4601323213
935657.964925363 1916190.49602595