935654.052517676 1916124.12812816
935654.057532755 1916124.1412357704
935654.0625478339 1916124.1543433808
935654.0675629129 1916124.167450991
935654.0725779919 1916124.1805586014
935654.0775930708 1916124.1936662118
935654.0826081497 1916124.2067738222
935654.0876232287 1916124.2198814326
935654.0926383076 1916124.232989043
935654.0976533866 1916124.2460966532
935654.1026684656 1916124.2592042636
935654.1076835445 1916124.272311874
935654.1126986234 1916124.2854194844
935654.1177137024 1916124.2985270948
935654.1227287813 1916124.3116347052
935654.1277438604 1916124.3247423153
935654.1327589393 1916124.3378499257
935654.1377740182 1916124.3509575361
935654.1427890972 1916124.3640651465
935654.1478041761 1916124.377172757
935654.152819255 1916124.3902803673
935654.1578343341 1916124.4033879775
935654.162849413 1916124.416495588
935654.1678644919 1916124.4296031983
935654.1728795709 1916124.4427108087
935654.1778946498 1916124.455818419
935654.1829097287 1916124.4689260295
935654.1879248078 1916124.4820336397
935654.1929398867 1916124.49514125
935654.1979549656 1916124.5082488605
935654.2029700446 1916124.5213564709
935654.2079851235 1916124.5344640813
935654.2130002024 1916124.5475716915
935654.2180152815 1916124.5606793019
935654.2230303604 1916124.5737869123
935654.2280454393 1916124.5868945227
935654.2330605183 1916124.600002133
935654.2380755972 1916124.6131097435
935654.2430906761 1916124.6262173536
935654.2481057552 1916124.639324964
935654.2531208341 1916124.6524325744
935654.258135913 1916124.6655401848
935654.263150992 1916124.6786477952
935654.2681660709 1916124.6917554056
935654.2731811499 1916124.7048630158
935654.2781962289 1916124.7179706262
935654.2832113078 1916124.7310782366
935654.2882263868 1916124.744185847
935654.2932414657 1916124.7572934574
935654.2982565446 1916124.7704010678
935654.3032716237 1916124.783508678
935654.3082867026 1916124.7966162884
935654.3133017815 1916124.8097238988
935654.3183168605 1916124.8228315092
935654.3233319394 1916124.8359391196
935654.3283470183 1916124.84904673
935654.3333620974 1916124.8621543401
935654.3383771763 1916124.8752619505
935654.3433922553 1916124.888369561
935654.3484073342 1916124.9014771713
935654.3534224131 1916124.9145847817
935654.358437492 1916124.927692392
935654.3634525711 1916124.9408000023
935654.36846765 1916124.9539076127
935654.373482729 1916124.967015223
935654.3784978079 1916124.9801228335
935654.3835128868 1916124.993230444
935654.3885279658 1916125.006338054
935654.3935430448 1916125.0194456645
935654.3985581237 1916125.0325532749
935654.4035732027 1916125.0456608853
935654.4085882816 1916125.0587684957
935654.4136033605 1916125.071876106
935654.4186184395 1916125.0849837163
935654.4236335185 1916125.0980913267
935654.4286485974 1916125.111198937
935654.4336636764 1916125.1243065475
935654.4386787553 1916125.1374141579
935654.4436938342 1916125.1505217683
935654.4487089132 1916125.1636293784
935654.4537239922 1916125.1767369888
935654.4587390712 1916125.1898445992
935654.4637541501 1916125.2029522096
935654.468769229 1916125.21605982
935654.473784308 1916125.2291674304
935654.4787993869 1916125.2422750406
935654.4838144659 1916125.255382651
935654.4888295449 1916125.2684902614
935654.4938446238 1916125.2815978718
935654.4988597027 1916125.2947054822
935654.5038747817 1916125.3078130924
935654.5088898607 1916125.3209207028
935654.5139049396 1916125.3340283132
935654.5189200186 1916125.3471359236
935654.5239350975 1916125.360243534
935654.5289501764 1916125.3733511444
935654.5339652554 1916125.3864587545
935654.5389803344 1916125.399566365
935654.5439954133 1916125.4126739753
935654.5490104923 1916125.4257815857
935654.5540255712 1916125.4388891961
935654.5590406501 1916125.4519968065
935654.5640557291 1916125.4651044167
935654.5690708081 1916125.478212027
935654.574085887 1916125.4913196375
935654.579100966 1916125.504427248
935654.5841160449 1916125.5175348583
935654.5891311239 1916125.5306424687
935654.5941462028 1916125.5437500789
935654.5991612818 1916125.5568576893
935654.6041763608 1916125.5699652997
935654.6091914397 1916125.58307291
935654.6142065186 1916125.5961805205
935654.6192215976 1916125.609288131
935654.6242366765 1916125.622395741
935654.6292517555 1916125.6355033515
935654.6342668345 1916125.6486109619
935654.6392819134 1916125.6617185723
935654.6442969923 1916125.6748261827
935654.6493120713 1916125.6879337928
935654.6543271502 1916125.7010414032
935654.6593422292 1916125.7141490136
935654.6643573082 1916125.727256624
935654.6693723871 1916125.7403642344
935654.674387466 1916125.7534718448
935654.679402545 1916125.766579455
935654.6844176239 1916125.7796870654
935654.689432703 1916125.7927946758
935654.6944477819 1916125.8059022862
935654.6994628608 1916125.8190098966
935654.7044779398 1916125.832117507
935654.7094930187 1916125.8452251172
935654.7145080976 1916125.8583327276
935654.7195231767 1916125.871440338
935654.7245382556 1916125.8845479484
935654.7295533345 1916125.8976555588
935654.7345684135 1916125.9107631692
935654.7395834924 1916125.9238707793
935654.7445985714 1916125.9369783897
935654.7496136504 1916125.9500860001
935654.7546287293 1916125.9631936105
935654.7596438082 1916125.976301221
935654.7646588872 1916125.9894088313
935654.7696739661 1916126.0025164415
935654.7746890452 1916126.015624052
935654.7797041241 1916126.0287316623
935654.784719203 1916126.0418392727
935654.789734282 1916126.054946883
935654.7947493609 1916126.0680544933
935654.7997644398 1916126.0811621037
935654.8047795189 1916126.094269714
935654.8097945978 1916126.1073773245
935654.8148096767 1916126.120484935
935654.8198247557 1916126.1335925453
935654.8248398346 1916126.1467001555
935654.8298549135 1916126.1598077659
935654.8348699926 1916126.1729153763
935654.8398850715 1916126.1860229867
935654.8449001504 1916126.199130597
935654.8499152294 1916126.2122382075
935654.8549303083 1916126.2253458176
935654.8599453872 1916126.238453428
935654.8649604663 1916126.2515610384
935654.8699755452 1916126.2646686488
935654.8749906241 1916126.2777762592
935654.8800057031 1916126.2908838696
935654.885020782 1916126.3039914798
935654.8900358609 1916126.3170990902
935654.89505094 1916126.3302067006
935654.9000660189 1916126.343314311
935654.9050810979 1916126.3564219214
935654.9100961768 1916126.3695295318
935654.9151112557 1916126.382637142
935654.9201263346 1916126.3957447524
935654.9251414137 1916126.4088523628
935654.9301564926 1916126.4219599732
935654.9351715716 1916126.4350675836
935654.9401866505 1916126.4481751937
935654.9452017294 1916126.4612828041
935654.9502168084 1916126.4743904145
935654.9552318874 1916126.487498025
935654.9602469663 1916126.5006056353
935654.9652620453 1916126.5137132457
935654.9702771242 1916126.526820856
935654.9752922031 1916126.5399284663
935654.9803072822 1916126.5530360767
935654.9853223611 1916126.566143687
935654.99033744 1916126.5792512975
935654.995352519 1916126.592358908
935655.0003675979 1916126.605466518
935655.0053826768 1916126.6185741285
935655.0103977559 1916126.631681739
935655.0154128348 1916126.6447893493
935655.0204279138 1916126.6578969597
935655.0254429927 1916126.67100457
935655.0304580716 1916126.6841121803
935655.0354731506 1916126.6972197907
935655.0404882296 1916126.710327401
935655.0455033085 1916126.7234350115
935655.0505183875 1916126.7365426219
935655.0555334664 1916126.7496502323
935655.0605485453 1916126.7627578424
935655.0655636243 1916126.7758654528
935655.0705787033 1916126.7889730632
935655.0755937822 1916126.8020806736
935655.0806088612 1916126.815188284
935655.0856239401 1916126.8282958942
935655.090639019 1916126.8414035046
935655.095654098 1916126.854511115
935655.100669177 1916126.8676187254
935655.105684256 1916126.8807263358
935655.1106993349 1916126.8938339462
935655.1157144138 1916126.9069415564
935655.1207294927 1916126.9200491668
935655.1257445717 1916126.9331567772
935655.1307596507 1916126.9462643876
935655.1357747297 1916126.959371998
935655.1407898086 1916126.9724796084
935655.1458048875 1916126.9855872185
935655.1508199665 1916126.998694829
935655.1558350454 1916127.0118024393
935655.1608501244 1916127.0249100497
935655.1658652034 1916127.0380176601
935655.1708802823 1916127.0511252705
935655.1758953612 1916127.0642328807
935655.1809104402 1916127.077340491
935655.1859255191 1916127.0904481015
935655.1909405981 1916127.103555712
935655.1959556771 1916127.1166633223
935655.200970756 1916127.1297709327
935655.2059858349 1916127.142878543
935655.2110009139 1916127.1559861533
935655.2160159929 1916127.1690937637
935655.2210310719 1916127.182201374
935655.2260461508 1916127.1953089845
935655.2310612297 1916127.2084165947
935655.2360763086 1916127.221524205
935655.2410913876 1916127.2346318155
935655.2461064666 1916127.2477394259
935655.2511215456 1916127.2608470363
935655.2561366245 1916127.2739546467
935655.2611517034 1916127.2870622568
935655.2661667824 1916127.3001698672
935655.2711818613 1916127.3132774776
935655.2761969403 1916127.326385088
935655.2812120193 1916127.3394926984
935655.2862270982 1916127.3526003088
935655.2912421771 1916127.365707919
935655.2962572561 1916127.3788155294
935655.301272335 1916127.3919231398
935655.306287414 1916127.4050307502
935655.311302493 1916127.4181383606
935655.3163175719 1916127.431245971
935655.3213326508 1916127.4443535812
935655.3263477298 1916127.4574611916
935655.3313628087 1916127.470568802
935655.3363778878 1916127.4836764124
935655.3413929667 1916127.4967840228
935655.3464080456 1916127.5098916332
935655.3514231245 1916127.5229992433
935655.3564382035 1916127.5361068537
935655.3614532824 1916127.5492144641
935655.3664683615 1916127.5623220745
935655.3714834404 1916127.575429685
935655.3764985193 1916127.5885372953
935655.3815135983 1916127.6016449055
935655.3865286772 1916127.614752516
935655.3915437561 1916127.6278601263
935655.3965588352 1916127.6409677367
935655.4015739141 1916127.6540753471
935655.406588993 1916127.6671829573
935655.411604072 1916127.6802905677
935655.4166191509 1916127.693398178
935655.42163423 1916127.7065057885
935655.4266493089 1916127.719613399
935655.4316643878 1916127.7327210093
935655.4366794667 1916127.7458286195
935655.4416945457 1916127.7589362299
935655.4467096246 1916127.7720438403
935655.4517247037 1916127.7851514507
935655.4567397826 1916127.798259061
935655.4617548615 1916127.8113666715
935655.4667699405 1916127.8244742816
935655.4717850194 1916127.837581892
935655.4768000983 1916127.8506895024
935655.4818151774 1916127.8637971128
935655.4868302563 1916127.8769047232
935655.4918453352 1916127.8900123336
935655.4968604142 1916127.9031199438
935655.5018754931 1916127.9162275542
935655.506890572 1916127.9293351646
935655.5119056511 1916127.942442775
935655.51692073 1916127.9555503854
935655.5219358089 1916127.9686579958
935655.5269508879 1916127.981765606
935655.5319659668 1916127.9948732164
935655.5369810457 1916128.0079808268
935655.5419961248 1916128.0210884372
935655.5470112037 1916128.0341960476
935655.5520262826 1916128.0473036577
935655.5570413616 1916128.0604112681
935655.5620564405 1916128.0735188785
935655.5670715194 1916128.086626489
935655.5720865985 1916128.0997340993
935655.5771016774 1916128.1128417097
935655.5821167564 1916128.12594932
935655.5871318353 1916128.1390569303
935655.5921469142 1916128.1521645407
935655.5971619932 1916128.1652721511
935655.6021770722 1916128.1783797615
935655.6071921511 1916128.191487372
935655.6122072301 1916128.204594982
935655.617222309 1916128.2177025925
935655.6222373879 1916128.230810203
935655.6272524669 1916128.2439178133
935655.6322675459 1916128.2570254237
935655.6372826248 1916128.270133034
935655.6422977038 1916128.2832406443
935655.6473127827 1916128.2963482547
935655.6523278616 1916128.309455865
935655.6573429407 1916128.3225634755
935655.6623580196 1916128.3356710859
935655.6673730985 1916128.3487786963
935655.6723881775 1916128.3618863064
935655.6774032564 1916128.3749939168
935655.6824183353 1916128.3881015272
935655.6874334144 1916128.4012091376
935655.6924484933 1916128.414316748
935655.6974635723 1916128.4274243582
935655.7024786512 1916128.4405319686
935655.7074937301 1916128.453639579
935655.712508809 1916128.4667471894
935655.7175238881 1916128.4798547998
935655.722538967 1916128.4929624102
935655.727554046 1916128.5060700204
935655.7325691249 1916128.5191776308
935655.7375842038 1916128.5322852412
935655.7425992828 1916128.5453928516
935655.7476143618 1916128.558500462
935655.7526294407 1916128.5716080724
935655.7576445197 1916128.5847156825
935655.7626595986 1916128.597823293
935655.7676746775 1916128.6109309033
935655.7726897565 1916128.6240385137
935655.7777048355 1916128.6371461242
935655.7827199145 1916128.6502537346
935655.7877349934 1916128.6633613447
935655.7927500723 1916128.6764689551
935655.7977651512 1916128.6895765655
935655.8027802302 1916128.702684176
935655.8077953092 1916128.7157917863
935655.8128103882 1916128.7288993967
935655.8178254671 1916128.742007007
935655.822840546 1916128.7551146173
935655.827855625 1916128.7682222277
935655.8328707039 1916128.781329838
935655.8378857829 1916128.7944374485
935655.8429008619 1916128.8075450587
935655.8479159408 1916128.820652669
935655.8529310197 1916128.8337602795
935655.8579460987 1916128.8468678899
935655.8629611776 1916128.8599755003
935655.8679762566 1916128.8730831107
935655.8729913356 1916128.8861907208
935655.8780064145 1916128.8992983312
935655.8830214934 1916128.9124059416
935655.8880365724 1916128.925513552
935655.8930516514 1916128.9386211624
935655.8980667304 1916128.9517287728
935655.9030818093 1916128.964836383
935655.9080968882 1916128.9779439934
935655.9131119672 1916128.9910516038
935655.9181270461 1916129.0041592142
935655.9231421251 1916129.0172668246
935655.9281572041 1916129.030374435
935655.933172283 1916129.0434820452
935655.9381873619 1916129.0565896556
935655.9432024409 1916129.069697266
935655.9482175198 1916129.0828048764
935655.9532325988 1916129.0959124868
935655.9582476778 1916129.1090200972
935655.9632627567 1916129.1221277073
935655.9682778356 1916129.1352353177
935655.9732929146 1916129.1483429282
935655.9783079935 1916129.1614505386
935655.9833230725 1916129.174558149
935655.9883381515 1916129.1876657591
935655.9933532304 1916129.2007733695
935655.9983683093 1916129.21388098
935656.0033833883 1916129.2269885903
935656.0083984672 1916129.2400962007
935656.0134135463 1916129.2532038111
935656.0184286252 1916129.2663114213
935656.0234437041 1916129.2794190317
935656.028458783 1916129.292526642
935656.033473862 1916129.3056342525
935656.0384889409 1916129.318741863
935656.04350402 1916129.3318494733
935656.0485190989 1916129.3449570835
935656.0535341778 1916129.3580646939
935656.0585492568 1916129.3711723043
935656.0635643357 1916129.3842799147
935656.0685794146 1916129.397387525
935656.0735944937 1916129.4104951355
935656.0786095726 1916129.4236027456
935656.0836246515 1916129.436710356
935656.0886397305 1916129.4498179664
935656.0936548094 1916129.4629255768
935656.0986698883 1916129.4760331872
935656.1036849674 1916129.4891407976
935656.1087000463 1916129.5022484078
935656.1137151252 1916129.5153560182
935656.1187302042 1916129.5284636286
935656.1237452831 1916129.541571239
935656.1287603622 1916129.5546788494
935656.1337754411 1916129.5677864596
935656.13879052 1916129.58089407
935656.143805599 1916129.5940016804
935656.1488206779 1916129.6071092908
935656.1538357568 1916129.6202169012
935656.1588508359 1916129.6333245116
935656.1638659148 1916129.6464321217
935656.1688809937 1916129.6595397322
935656.1738960727 1916129.6726473426
935656.1789111516 1916129.685754953
935656.1839262305 1916129.6988625634
935656.1889413096 1916129.7119701738
935656.1939563885 1916129.725077784
935656.1989714674 1916129.7381853943
935656.2039865464 1916129.7512930047
935656.2090016253 1916129.7644006151
935656.2140167042 1916129.7775082255
935656.2190317833 1916129.790615836
935656.2240468622 1916129.803723446
935656.2290619412 1916129.8168310565
935656.2340770201 1916129.829938667
935656.239092099 1916129.8430462773
935656.244107178 1916129.8561538877
935656.249122257 1916129.869261498
935656.2541373359 1916129.8823691083
935656.2591524149 1916129.8954767187
935656.2641674938 1916129.908584329
935656.2691825727 1916129.9216919395
935656.2741976517 1916129.9347995499
935656.2792127307 1916129.94790716
935656.2842278096 1916129.9610147704
935656.2892428886 1916129.9741223808
935656.2942579675 1916129.9872299912
935656.2992730464 1916130.0003376016
935656.3042881254 1916130.013445212
935656.3093032044 1916130.0265528222
935656.3143182833 1916130.0396604326
935656.3193333623 1916130.052768043
935656.3243484412 1916130.0658756534
935656.3293635201 1916130.0789832638
935656.3343785992 1916130.0920908742
935656.3393936781 1916130.1051984844
935656.344408757 1916130.1183060948
935656.349423836 1916130.1314137052
935656.3544389149 1916130.1445213156
935656.3594539938 1916130.157628926
935656.3644690729 1916130.1707365364
935656.3694841518 1916130.1838441466
935656.3744992308 1916130.196951757
935656.3795143097 1916130.2100593674
935656.3845293886 1916130.2231669778
935656.3895444676 1916130.2362745882
935656.3945595466 1916130.2493821986
935656.3995746255 1916130.2624898087
935656.4045897045 1916130.2755974191
935656.4096047834 1916130.2887050295
935656.4146198623 1916130.30181264
935656.4196349413 1916130.3149202503
935656.4246500203 1916130.3280278605
935656.4296650992 1916130.341135471
935656.4346801782 1916130.3542430813
935656.4396952571 1916130.3673506917
935656.444710336 1916130.380458302
935656.449725415 1916130.3935659125
935656.454740494 1916130.4066735227
935656.459755573 1916130.419781133
935656.4647706519 1916130.4328887435
935656.4697857308 1916130.4459963539
935656.4748008098 1916130.4591039643
935656.4798158887 1916130.4722115747
935656.4848309677 1916130.4853191848
935656.4898460467 1916130.4984267952
935656.4948611256 1916130.5115344056
935656.4998762045 1916130.524642016
935656.5048912835 1916130.5377496264
935656.5099063624 1916130.5508572368
935656.5149214414 1916130.563964847
935656.5199365204 1916130.5770724574
935656.5249515993 1916130.5901800678
935656.5299666782 1916130.6032876782
935656.5349817572 1916130.6163952886
935656.5399968361 1916130.629502899
935656.5450119152 1916130.6426105092
935656.5500269941 1916130.6557181196
935656.555042073 1916130.66882573