935654.052517676 1916124.12812816 10
935654.057532755 1916124.1412357704 10
935654.0625478339 1916124.1543433808 10
935654.0675629129 1916124.167450991 10
935654.0725779919 1916124.1805586014 10
935654.0775930708 1916124.1936662118 10
935654.0826081497 1916124.2067738222 10
935654.0876232287 1916124.2198814326 10
935654.0926383076 1916124.232989043 10
935654.0976533866 1916124.2460966532 10
935654.1026684656 1916124.2592042636 10
935654.1076835445 1916124.272311874 10
935654.1126986234 1916124.2854194844 10
935654.1177137024 1916124.2985270948 10
935654.1227287813 1916124.3116347052 10
935654.1277438604 1916124.3247423153 10
935654.1327589393 1916124.3378499257 10
935654.1377740182 1916124.3509575361 10
935654.1427890972 1916124.3640651465 10
935654.1478041761 1916124.377172757 10
935654.152819255 1916124.3902803673 10
935654.1578343341 1916124.4033879775 10
935654.162849413 1916124.416495588 10
935654.1678644919 1916124.4296031983 10
935654.1728795709 1916124.4427108087 10
935654.1778946498 1916124.455818419 10
935654.1829097287 1916124.4689260295 10
935654.1879248078 1916124.4820336397 10
935654.1929398867 1916124.49514125 10
935654.1979549656 1916124.5082488605 10
935654.2029700446 1916124.5213564709 10
935654.2079851235 1916124.5344640813 10
935654.2130002024 1916124.5475716915 10
935654.2180152815 1916124.5606793019 10
935654.2230303604 1916124.5737869123 10
935654.2280454393 1916124.5868945227 10
935654.2330605183 1916124.600002133 10
935654.2380755972 1916124.6131097435 10
935654.2430906761 1916124.6262173536 10
935654.2481057552 1916124.639324964 10
935654.2531208341 1916124.6524325744 10
935654.258135913 1916124.6655401848 10
935654.263150992 1916124.6786477952 10
935654.2681660709 1916124.6917554056 10
935654.2731811499 1916124.7048630158 10
935654.2781962289 1916124.7179706262 10
935654.2832113078 1916124.7310782366 10
935654.2882263868 1916124.744185847 10
935654.2932414657 1916124.7572934574 10
935654.2982565446 1916124.7704010678 10
935654.3032716237 1916124.783508678 10
935654.3082867026 1916124.7966162884 10
935654.3133017815 1916124.8097238988 10
935654.3183168605 1916124.8228315092 10
935654.3233319394 1916124.8359391196 10
935654.3283470183 1916124.84904673 10
935654.3333620974 1916124.8621543401 10
935654.3383771763 1916124.8752619505 10
935654.3433922553 1916124.888369561 10
935654.3484073342 1916124.9014771713 10
935654.3534224131 1916124.9145847817 10
935654.358437492 1916124.927692392 10
935654.3634525711 1916124.9408000023 10
935654.36846765 1916124.9539076127 10
935654.373482729 1916124.967015223 10
935654.3784978079 1916124.9801228335 10
935654.3835128868 1916124.993230444 10
935654.3885279658 1916125.006338054 10
935654.3935430448 1916125.0194456645 10
935654.3985581237 1916125.0325532749 10
935654.4035732027 1916125.0456608853 10
935654.4085882816 1916125.0587684957 10
935654.4136033605 1916125.071876106 10
935654.4186184395 1916125.0849837163 10
935654.4236335185 1916125.0980913267 10
935654.4286485974 1916125.111198937 10
935654.4336636764 1916125.1243065475 10
935654.4386787553 1916125.1374141579 10
935654.4436938342 1916125.1505217683 10
935654.4487089132 1916125.1636293784 10
935654.4537239922 1916125.1767369888 10
935654.4587390712 1916125.1898445992 10
935654.4637541501 1916125.2029522096 10
935654.468769229 1916125.21605982 10
935654.473784308 1916125.2291674304 10
935654.4787993869 1916125.2422750406 10
935654.4838144659 1916125.255382651 10
935654.4888295449 1916125.2684902614 10
935654.4938446238 1916125.2815978718 10
935654.4988597027 1916125.2947054822 10
935654.5038747817 1916125.3078130924 10
935654.5088898607 1916125.3209207028 10
935654.5139049396 1916125.3340283132 10
935654.5189200186 1916125.3471359236 10
935654.5239350975 1916125.360243534 10
935654.5289501764 1916125.3733511444 10
935654.5339652554 1916125.3864587545 10
935654.5389803344 1916125.399566365 10
935654.5439954133 1916125.4126739753 10
935654.5490104923 1916125.4257815857 10
935654.5540255712 1916125.4388891961 10
935654.5590406501 1916125.4519968065 10
935654.5640557291 1916125.4651044167 10
935654.5690708081 1916125.478212027 10
935654.574085887 1916125.4913196375 10
935654.579100966 1916125.504427248 10
935654.5841160449 1916125.5175348583 10
935654.5891311239 1916125.5306424687 10
935654.5941462028 1916125.5437500789 10
935654.5991612818 1916125.5568576893 10
935654.6041763608 1916125.5699652997 10
935654.6091914397 1916125.58307291 10
935654.6142065186 1916125.5961805205 10
935654.6192215976 1916125.609288131 10
935654.6242366765 1916125.622395741 10
935654.6292517555 1916125.6355033515 10
935654.6342668345 1916125.6486109619 10
935654.6392819134 1916125.6617185723 10
935654.6442969923 1916125.6748261827 10
935654.6493120713 1916125.6879337928 10
935654.6543271502 1916125.7010414032 10
935654.6593422292 1916125.7141490136 10
935654.6643573082 1916125.727256624 10
935654.6693723871 1916125.7403642344 10
935654.674387466 1916125.7534718448 10
935654.679402545 1916125.766579455 10
935654.6844176239 1916125.7796870654 10
935654.689432703 1916125.7927946758 10
935654.6944477819 1916125.8059022862 10
935654.6994628608 1916125.8190098966 10
935654.7044779398 1916125.832117507 10
935654.7094930187 1916125.8452251172 10
935654.7145080976 1916125.8583327276 10
935654.7195231767 1916125.871440338 10
935654.7245382556 1916125.8845479484 10
935654.7295533345 1916125.8976555588 10
935654.7345684135 1916125.9107631692 10
935654.7395834924 1916125.9238707793 10
935654.7445985714 1916125.9369783897 10
935654.7496136504 1916125.9500860001 10
935654.7546287293 1916125.9631936105 10
935654.7596438082 1916125.976301221 10
935654.7646588872 1916125.9894088313 10
935654.7696739661 1916126.0025164415 10
935654.7746890452 1916126.015624052 10
935654.7797041241 1916126.0287316623 10
935654.784719203 1916126.0418392727 10
935654.789734282 1916126.054946883 10
935654.7947493609 1916126.0680544933 10
935654.7997644398 1916126.0811621037 10
935654.8047795189 1916126.094269714 10
935654.8097945978 1916126.1073773245 10
935654.8148096767 1916126.120484935 10
935654.8198247557 1916126.1335925453 10
935654.8248398346 1916126.1467001555 10
935654.8298549135 1916126.1598077659 10
935654.8348699926 1916126.1729153763 10
935654.8398850715 1916126.1860229867 10
935654.8449001504 1916126.199130597 10
935654.8499152294 1916126.2122382075 10
935654.8549303083 1916126.2253458176 10
935654.8599453872 1916126.238453428 10
935654.8649604663 1916126.2515610384 10
935654.8699755452 1916126.2646686488 10
935654.8749906241 1916126.2777762592 10
935654.8800057031 1916126.2908838696 10
935654.885020782 1916126.3039914798 10
935654.8900358609 1916126.3170990902 10
935654.89505094 1916126.3302067006 10
935654.9000660189 1916126.343314311 10
935654.9050810979 1916126.3564219214 10
935654.9100961768 1916126.3695295318 10
935654.9151112557 1916126.382637142 10
935654.9201263346 1916126.3957447524 10
935654.9251414137 1916126.4088523628 10
935654.9301564926 1916126.4219599732 10
935654.9351715716 1916126.4350675836 10
935654.9401866505 1916126.4481751937 10
935654.9452017294 1916126.4612828041 10
935654.9502168084 1916126.4743904145 10
935654.9552318874 1916126.487498025 10
935654.9602469663 1916126.5006056353 10
935654.9652620453 1916126.5137132457 10
935654.9702771242 1916126.526820856 10
935654.9752922031 1916126.5399284663 10
935654.9803072822 1916126.5530360767 10
935654.9853223611 1916126.566143687 10
935654.99033744 1916126.5792512975 10
935654.995352519 1916126.592358908 10
935655.0003675979 1916126.605466518 10
935655.0053826768 1916126.6185741285 10
935655.0103977559 1916126.631681739 10
935655.0154128348 1916126.6447893493 10
935655.0204279138 1916126.6578969597 10
935655.0254429927 1916126.67100457 10
935655.0304580716 1916126.6841121803 10
935655.0354731506 1916126.6972197907 10
935655.0404882296 1916126.710327401 10
935655.0455033085 1916126.7234350115 10
935655.0505183875 1916126.7365426219 10
935655.0555334664 1916126.7496502323 10
935655.0605485453 1916126.7627578424 10
935655.0655636243 1916126.7758654528 10
935655.0705787033 1916126.7889730632 10
935655.0755937822 1916126.8020806736 10
935655.0806088612 1916126.815188284 10
935655.0856239401 1916126.8282958942 10
935655.090639019 1916126.8414035046 10
935655.095654098 1916126.854511115 10
935655.100669177 1916126.8676187254 10
935655.105684256 1916126.8807263358 10
935655.1106993349 1916126.8938339462 10
935655.1157144138 1916126.9069415564 10
935655.1207294927 1916126.9200491668 10
935655.1257445717 1916126.9331567772 10
935655.1307596507 1916126.9462643876 10
935655.1357747297 1916126.959371998 10
935655.1407898086 1916126.9724796084 10
935655.1458048875 1916126.9855872185 10
935655.1508199665 1916126.998694829 10
935655.1558350454 1916127.0118024393 10
935655.1608501244 1916127.0249100497 10
935655.1658652034 1916127.0380176601 10
935655.1708802823 1916127.0511252705 10
935655.1758953612 1916127.0642328807 10
935655.1809104402 1916127.077340491 10
935655.1859255191 1916127.0904481015 10
935655.1909405981 1916127.103555712 10
935655.1959556771 1916127.1166633223 10
935655.200970756 1916127.1297709327 10
935655.2059858349 1916127.142878543 10
935655.2110009139 1916127.1559861533 10
935655.2160159929 1916127.1690937637 10
935655.2210310719 1916127.182201374 10
935655.2260461508 1916127.1953089845 10
935655.2310612297 1916127.2084165947 10
935655.2360763086 1916127.221524205 10
935655.2410913876 1916127.2346318155 10
935655.2461064666 1916127.2477394259 10
935655.2511215456 1916127.2608470363 10
935655.2561366245 1916127.2739546467 10
935655.2611517034 1916127.2870622568 10
935655.2661667824 1916127.3001698672 10
935655.2711818613 1916127.3132774776 10
935655.2761969403 1916127.326385088 10
935655.2812120193 1916127.3394926984 10
935655.2862270982 1916127.3526003088 10
935655.2912421771 1916127.365707919 10
935655.2962572561 1916127.3788155294 10
935655.301272335 1916127.3919231398 10
935655.306287414 1916127.4050307502 10
935655.311302493 1916127.4181383606 10
935655.3163175719 1916127.431245971 10
935655.3213326508 1916127.4443535812 10
935655.3263477298 1916127.4574611916 10
935655.3313628087 1916127.470568802 10
935655.3363778878 1916127.4836764124 10
935655.3413929667 1916127.4967840228 10
935655.3464080456 1916127.5098916332 10
935655.3514231245 1916127.5229992433 10
935655.3564382035 1916127.5361068537 10
935655.3614532824 1916127.5492144641 10
935655.3664683615 1916127.5623220745 10
935655.3714834404 1916127.575429685 10
935655.3764985193 1916127.5885372953 10
935655.3815135983 1916127.6016449055 10
935655.3865286772 1916127.614752516 10
935655.3915437561 1916127.6278601263 10
935655.3965588352 1916127.6409677367 10
935655.4015739141 1916127.6540753471 10
935655.406588993 1916127.6671829573 10
935655.411604072 1916127.6802905677 10
935655.4166191509 1916127.693398178 10
935655.42163423 1916127.7065057885 10
935655.4266493089 1916127.719613399 10
935655.4316643878 1916127.7327210093 10
935655.4366794667 1916127.7458286195 10
935655.4416945457 1916127.7589362299 10
935655.4467096246 1916127.7720438403 10
935655.4517247037 1916127.7851514507 10
935655.4567397826 1916127.798259061 10
935655.4617548615 1916127.8113666715 10
935655.4667699405 1916127.8244742816 10
935655.4717850194 1916127.837581892 10
935655.4768000983 1916127.8506895024 10
935655.4818151774 1916127.8637971128 10
935655.4868302563 1916127.8769047232 10
935655.4918453352 1916127.8900123336 10
935655.4968604142 1916127.9031199438 10
935655.5018754931 1916127.9162275542 10
935655.506890572 1916127.9293351646 10
935655.5119056511 1916127.942442775 10
935655.51692073 1916127.9555503854 10
935655.5219358089 1916127.9686579958 10
935655.5269508879 1916127.981765606 10
935655.5319659668 1916127.9948732164 10
935655.5369810457 1916128.0079808268 10
935655.5419961248 1916128.0210884372 10
935655.5470112037 1916128.0341960476 10
935655.5520262826 1916128.0473036577 10
935655.5570413616 1916128.0604112681 10
935655.5620564405 1916128.0735188785 10
935655.5670715194 1916128.086626489 10
935655.5720865985 1916128.0997340993 10
935655.5771016774 1916128.1128417097 10
935655.5821167564 1916128.12594932 10
935655.5871318353 1916128.1390569303 10
935655.5921469142 1916128.1521645407 10
935655.5971619932 1916128.1652721511 10
935655.6021770722 1916128.1783797615 10
935655.6071921511 1916128.191487372 10
935655.6122072301 1916128.204594982 10
935655.617222309 1916128.2177025925 10
935655.6222373879 1916128.230810203 10
935655.6272524669 1916128.2439178133 10
935655.6322675459 1916128.2570254237 10
935655.6372826248 1916128.270133034 10
935655.6422977038 1916128.2832406443 10
935655.6473127827 1916128.2963482547 10
935655.6523278616 1916128.309455865 10
935655.6573429407 1916128.3225634755 10
935655.6623580196 1916128.3356710859 10
935655.6673730985 1916128.3487786963 10
935655.6723881775 1916128.3618863064 10
935655.6774032564 1916128.3749939168 10
935655.6824183353 1916128.3881015272 10
935655.6874334144 1916128.4012091376 10
935655.6924484933 1916128.414316748 10
935655.6974635723 1916128.4274243582 10
935655.7024786512 1916128.4405319686 10
935655.7074937301 1916128.453639579 10
935655.712508809 1916128.4667471894 10
935655.7175238881 1916128.4798547998 10
935655.722538967 1916128.4929624102 10
935655.727554046 1916128.5060700204 10
935655.7325691249 1916128.5191776308 10
935655.7375842038 1916128.5322852412 10
935655.7425992828 1916128.5453928516 10
935655.7476143618 1916128.558500462 10
935655.7526294407 1916128.5716080724 10
935655.7576445197 1916128.5847156825 10
935655.7626595986 1916128.597823293 10
935655.7676746775 1916128.6109309033 10
935655.7726897565 1916128.6240385137 10
935655.7777048355 1916128.6371461242 10
935655.7827199145 1916128.6502537346 10
935655.7877349934 1916128.6633613447 10
935655.7927500723 1916128.6764689551 10
935655.7977651512 1916128.6895765655 10
935655.8027802302 1916128.702684176 10
935655.8077953092 1916128.7157917863 10
935655.8128103882 1916128.7288993967 10
935655.8178254671 1916128.742007007 10
935655.822840546 1916128.7551146173 10
935655.827855625 1916128.7682222277 10
935655.8328707039 1916128.781329838 10
935655.8378857829 1916128.7944374485 10
935655.8429008619 1916128.8075450587 10
935655.8479159408 1916128.820652669 10
935655.8529310197 1916128.8337602795 10
935655.8579460987 1916128.8468678899 10
935655.8629611776 1916128.8599755003 10
935655.8679762566 1916128.8730831107 10
935655.8729913356 1916128.8861907208 10
935655.8780064145 1916128.8992983312 10
935655.8830214934 1916128.9124059416 10
935655.8880365724 1916128.925513552 10
935655.8930516514 1916128.9386211624 10
935655.8980667304 1916128.9517287728 10
935655.9030818093 1916128.964836383 10
935655.9080968882 1916128.9779439934 10
935655.9131119672 1916128.9910516038 10
935655.9181270461 1916129.0041592142 10
935655.9231421251 1916129.0172668246 10
935655.9281572041 1916129.030374435 10
935655.933172283 1916129.0434820452 10
935655.9381873619 1916129.0565896556 10
935655.9432024409 1916129.069697266 10
935655.9482175198 1916129.0828048764 10
935655.9532325988 1916129.0959124868 10
935655.9582476778 1916129.1090200972 10
935655.9632627567 1916129.1221277073 10
935655.9682778356 1916129.1352353177 10
935655.9732929146 1916129.1483429282 10
935655.9783079935 1916129.1614505386 10
935655.9833230725 1916129.174558149 10
935655.9883381515 1916129.1876657591 10
935655.9933532304 1916129.2007733695 10
935655.9983683093 1916129.21388098 10
935656.0033833883 1916129.2269885903 10
935656.0083984672 1916129.2400962007 10
935656.0134135463 1916129.2532038111 10
935656.0184286252 1916129.2663114213 10
935656.0234437041 1916129.2794190317 10
935656.028458783 1916129.292526642 10
935656.033473862 1916129.3056342525 10
935656.0384889409 1916129.318741863 10
935656.04350402 1916129.3318494733 10
935656.0485190989 1916129.3449570835 10
935656.0535341778 1916129.3580646939 10
935656.0585492568 1916129.3711723043 10
935656.0635643357 1916129.3842799147 10
935656.0685794146 1916129.397387525 10
935656.0735944937 1916129.4104951355 10
935656.0786095726 1916129.4236027456 10
935656.0836246515 1916129.436710356 10
935656.0886397305 1916129.4498179664 10
935656.0936548094 1916129.4629255768 10
935656.0986698883 1916129.4760331872 10
935656.1036849674 1916129.4891407976 10
935656.1087000463 1916129.5022484078 10
935656.1137151252 1916129.5153560182 10
935656.1187302042 1916129.5284636286 10
935656.1237452831 1916129.541571239 10
935656.1287603622 1916129.5546788494 10
935656.1337754411 1916129.5677864596 10
935656.13879052 1916129.58089407 10
935656.143805599 1916129.5940016804 10
935656.1488206779 1916129.6071092908 10
935656.1538357568 1916129.6202169012 10
935656.1588508359 1916129.6333245116 10
935656.1638659148 1916129.6464321217 10
935656.1688809937 1916129.6595397322 10
935656.1738960727 1916129.6726473426 10
935656.1789111516 1916129.685754953 10
935656.1839262305 1916129.6988625634 10
935656.1889413096 1916129.7119701738 10
935656.1939563885 1916129.725077784 10
935656.1989714674 1916129.7381853943 10
935656.2039865464 1916129.7512930047 10
935656.2090016253 1916129.7644006151 10
935656.2140167042 1916129.7775082255 10
935656.2190317833 1916129.790615836 10
935656.2240468622 1916129.803723446 10
935656.2290619412 1916129.8168310565 10
935656.2340770201 1916129.829938667 10
935656.239092099 1916129.8430462773 10
935656.244107178 1916129.8561538877 10
935656.249122257 1916129.869261498 10
935656.2541373359 1916129.8823691083 10
935656.2591524149 1916129.8954767187 10
935656.2641674938 1916129.908584329 10
935656.2691825727 1916129.9216919395 10
935656.2741976517 1916129.9347995499 10
935656.2792127307 1916129.94790716 10
935656.2842278096 1916129.9610147704 10
935656.2892428886 1916129.9741223808 10
935656.2942579675 1916129.9872299912 10
935656.2992730464 1916130.0003376016 10
935656.3042881254 1916130.013445212 10
935656.3093032044 1916130.0265528222 10
935656.3143182833 1916130.0396604326 10
935656.3193333623 1916130.052768043 10
935656.3243484412 1916130.0658756534 10
935656.3293635201 1916130.0789832638 10
935656.3343785992 1916130.0920908742 10
935656.3393936781 1916130.1051984844 10
935656.344408757 1916130.1183060948 10
935656.349423836 1916130.1314137052 10
935656.3544389149 1916130.1445213156 10
935656.3594539938 1916130.157628926 10
935656.3644690729 1916130.1707365364 10
935656.3694841518 1916130.1838441466 10
935656.3744992308 1916130.196951757 10
935656.3795143097 1916130.2100593674 10
935656.3845293886 1916130.2231669778 10
935656.3895444676 1916130.2362745882 10
935656.3945595466 1916130.2493821986 10
935656.3995746255 1916130.2624898087 10
935656.4045897045 1916130.2755974191 10
935656.4096047834 1916130.2887050295 10
935656.4146198623 1916130.30181264 10
935656.4196349413 1916130.3149202503 10
935656.4246500203 1916130.3280278605 10
935656.4296650992 1916130.341135471 10
935656.4346801782 1916130.3542430813 10
935656.4396952571 1916130.3673506917 10
935656.444710336 1916130.380458302 10
935656.449725415 1916130.3935659125 10
935656.454740494 1916130.4066735227 10
935656.459755573 1916130.419781133 10
935656.4647706519 1916130.4328887435 10
935656.4697857308 1916130.4459963539 10
935656.4748008098 1916130.4591039643 10
935656.4798158887 1916130.4722115747 10
935656.4848309677 1916130.4853191848 10
935656.4898460467 1916130.4984267952 10
935656.4948611256 1916130.5115344056 10
935656.4998762045 1916130.524642016 10
935656.5048912835 1916130.5377496264 10
935656.5099063624 1916130.5508572368 10
935656.5149214414 1916130.563964847 10
935656.5199365204 1916130.5770724574 10
935656.5249515993 1916130.5901800678 10
935656.5299666782 1916130.6032876782 10
935656.5349817572 1916130.6163952886 10
935656.5399968361 1916130.629502899 10
935656.5450119152 1916130.6426105092 10
935656.5500269941 1916130.6557181196 10
935656.555042073 1916130.66882573 10
935656.5589366165 1916130.706743714 10
935656.5628311599 1916130.7446616981 10
935656.5667257034 1916130.782579682 10
935656.5706202469 1916130.8204976663 10
935656.5745147904 1916130.8584156502 10
935656.5784093338 1916130.8963336344 10
935656.5823038773 1916130.9342516183 10
935656.5861984208 1916130.9721696023 10
935656.5900929642 1916131.0100875865 10
935656.5939875077 1916131.0480055704 10
935656.5978820513 1916131.0859235546 10
935656.6017765948 1916131.1238415386 10
935656.6056711382 1916131.1617595225 10
935656.6095656817 1916131.1996775067 10
935656.6134602252 1916131.2375954906 10
935656.6173547686 1916131.2755134748 10
935656.6212493121 1916131.3134314588 10
935656.6251438556 1916131.351349443 10
935656.6290383991 1916131.389267427 10
935656.6329329425 1916131.4271854109 10
935656.636827486 1916131.465103395 10
935656.6407220295 1916131.503021379 10
935656.6446165729 1916131.5409393632 10
935656.6485111164 1916131.5788573471 10
935656.6524056599 1916131.616775331 10
935656.6563002034 1916131.6546933153 10
935656.6601947468 1916131.6926112992 10
935656.6640892903 1916131.7305292834 10
935656.6679838338 1916131.7684472674 10
935656.6718783772 1916131.8063652515 10
935656.6757729207 1916131.8442832355 10
935656.6796674642 1916131.8822012194 10
935656.6835620077 1916131.9201192036 10
935656.6874565511 1916131.9580371876 10
935656.6913510946 1916131.9959551718 10
935656.6952456381 1916132.0338731557 10
935656.6991401815 1916132.0717911397 10
935656.703034725 1916132.1097091238 10
935656.7069292685 1916132.1476271078 10
935656.710823812 1916132.185545092 10
935656.7147183554 1916132.223463076 10
935656.718612899 1916132.2613810601 10
935656.7225074425 1916132.299299044 10
935656.7264019859 1916132.337217028 10
935656.7302965294 1916132.3751350122 10
935656.7341910729 1916132.4130529962 10
935656.7380856164 1916132.4509709803 10
935656.7419801598 1916132.4888889643 10
935656.7458747033 1916132.5268069482 10
935656.7497692468 1916132.5647249324 10
935656.7536637902 1916132.6026429164 10
935656.7575583337 1916132.6405609006 10
935656.7614528772 1916132.6784788845 10
935656.7653474207 1916132.7163968687 10
935656.7692419641 1916132.7543148526 10
935656.7731365076 1916132.7922328366 10
935656.7770310511 1916132.8301508208 10
935656.7809255945 1916132.8680688047 10
935656.784820138 1916132.905986789 10
935656.7887146815 1916132.9439047729 10
935656.792609225 1916132.9818227568 10
935656.7965037684 1916133.019740741 10
935656.8003983119 1916133.057658725 10
935656.8042928554 1916133.0955767091 10
935656.808187399 1916133.133494693 10
935656.8120819423 1916133.1714126773 10
935656.8159764858 1916133.2093306612 10
935656.8198710294 1916133.2472486452 10
935656.8237655727 1916133.2851666294 10
935656.8276601163 1916133.3230846133 10
935656.8315546598 1916133.3610025975 10
935656.8354492033 1916133.3989205814 10
935656.8393437467 1916133.4368385654 10
935656.8432382902 1916133.4747565496 10
935656.8471328337 1916133.5126745335 10
935656.8510273771 1916133.5505925177 10
935656.8549219206 1916133.5885105017 10
935656.8588164641 1916133.6264284858 10
935656.8627110076 1916133.6643464698 10
935656.866605551 1916133.7022644538 10
935656.8705000945 1916133.740182438 10
935656.874394638 1916133.778100422 10
935656.8782891814 1916133.816018406 10
935656.8821837249 1916133.85393639 10
935656.8860782684 1916133.891854374 10
935656.8899728119 1916133.9297723582 10
935656.8938673553 1916133.967690342 10
935656.8977618988 1916134.0056083263 10
935656.9016564423 1916134.0435263102 10
935656.9055509857 1916134.0814442944 10
935656.9094455292 1916134.1193622784 10
935656.9133400727 1916134.1572802623 10
935656.9172346162 1916134.1951982465 10
935656.9211291596 1916134.2331162305 10
935656.9250237031 1916134.2710342146 10
935656.9289182466 1916134.3089521986 10
935656.93281279 1916134.3468701825 10
935656.9367073335 1916134.3847881667 10
935656.940601877 1916134.4227061507 10
935656.9444964206 1916134.4606241349 10
935656.948390964 1916134.4985421188 10
935656.9522855075 1916134.536460103 10
935656.956180051 1916134.574378087 10
935656.9600745944 1916134.612296071 10
935656.9639691379 1916134.650214055 10
935656.9678636814 1916134.688132039 10
935656.9717582249 1916134.7260500232 10
935656.9756527683 1916134.7639680072 10
935656.9795473118 1916134.8018859911 10
935656.9834418553 1916134.8398039753 10
935656.9873363987 1916134.8777219593 10
935656.9912309422 1916134.9156399434 10
935656.9951254857 1916134.9535579274 10
935656.9990200292 1916134.9914759116 10
935657.0029145726 1916135.0293938955 10
935657.0068091161 1916135.0673118795 10
935657.0107036596 1916135.1052298637 10
935657.014598203 1916135.1431478476 10
935657.0184927465 1916135.1810658318 10
935657.02238729 1916135.2189838158 10
935657.0262818335 1916135.2569017997 10
935657.0301763769 1916135.294819784 10
935657.0340709204 1916135.3327377678 10
935657.0379654639 1916135.370655752 10
935657.0418600073 1916135.408573736 10
935657.0457545508 1916135.4464917202 10
935657.0496490943 1916135.484409704 10
935657.0535436379 1916135.522327688 10
935657.0574381812 1916135.5602456722 10
935657.0613327248 1916135.5981636562 10
935657.0652272683 1916135.6360816404 10
935657.0691218117 1916135.6739996243 10
935657.0730163552 1916135.7119176083 10
935657.0769108987 1916135.7498355925 10
935657.0808054422 1916135.7877535764 10
935657.0846999856 1916135.8256715606 10
935657.0885945291 1916135.8635895445 10
935657.0924890726 1916135.9015075287 10
935657.096383616 1916135.9394255127 10
935657.1002781595 1916135.9773434966 10
935657.104172703 1916136.0152614808 10
935657.1080672465 1916136.0531794648 10
935657.1119617899 1916136.091097449 10
935657.1158563334 1916136.129015433 10
935657.1197508769 1916136.1669334169 10
935657.1236454203 1916136.204851401 10
935657.1275399638 1916136.242769385 10
935657.1314345073 1916136.2806873692 10
935657.1353290508 1916136.3186053531 10
935657.1392235942 1916136.3565233373 10
935657.1431181377 1916136.3944413213 10
935657.1470126812 1916136.4323593052 10
935657.1509072246 1916136.4702772894 10
935657.1548017681 1916136.5081952733 10
935657.1586963116 1916136.5461132575 10
935657.1625908552 1916136.5840312415 10
935657.1664853985 1916136.6219492254 10
935657.170379942 1916136.6598672096 10
935657.1742744856 1916136.6977851936 10
935657.178169029 1916136.7357031778 10
935657.1820635725 1916136.7736211617 10
935657.185958116 1916136.811539146 10
935657.1898526595 1916136.8494571298 10
935657.1937472029 1916136.8873751138 10
935657.1976417464 1916136.925293098 10
935657.2015362899 1916136.963211082 10
935657.2054308333 1916137.001129066 10
935657.2093253768 1916137.03904705 10
935657.2132199203 1916137.076965034 10
935657.2171144638 1916137.1148830182 10
935657.2210090072 1916137.1528010021 10
935657.2249035507 1916137.1907189863 10
935657.2287980942 1916137.2286369703 10
935657.2326926376 1916137.2665549545 10
935657.2365871811 1916137.3044729384 10
935657.2404817246 1916137.3423909224 10
935657.2443762681 1916137.3803089065 10
935657.2482708115 1916137.4182268905 10
935657.252165355 1916137.4561448747 10
935657.2560598985 1916137.4940628586 10
935657.2599544419 1916137.5319808426 10
935657.2638489854 1916137.5698988268 10
935657.2677435289 1916137.6078168107 10
935657.2716380724 1916137.645734795 10
935657.2755326158 1916137.6836527789 10
935657.2794271593 1916137.721570763 10
935657.2833217029 1916137.759488747 10
935657.2872162464 1916137.797406731 10
935657.2911107898 1916137.8353247151 10
935657.2950053333 1916137.873242699 10
935657.2988998768 1916137.9111606833 10
935657.3027944202 1916137.9490786672 10
935657.3066889637 1916137.9869966512 10
935657.3105835072 1916138.0249146353 10
935657.3144780507 1916138.0628326193 10
935657.3183725941 1916138.1007506035 10
935657.3222671376 1916138.1386685874 10
935657.3261616811 1916138.1765865716 10
935657.3300562245 1916138.2145045556 10
935657.333950768 1916138.2524225395 10
935657.3378453115 1916138.2903405237 10
935657.341739855 1916138.3282585077 10
935657.3456343984 1916138.3661764918 10
935657.3495289419 1916138.4040944758 10
935657.3534234854 1916138.4420124597 10
935657.3573180288 1916138.479930444 10
935657.3612125723 1916138.5178484279 10
935657.3651071158 1916138.555766412 10
935657.3690016593 1916138.593684396 10
935657.3728962027 1916138.6316023802 10
935657.3767907462 1916138.6695203641 10
935657.3806852897 1916138.707438348 10
935657.3845798331 1916138.7453563323 10
935657.3884743766 1916138.7832743162 10
935657.3923689201 1916138.8211923004 10
935657.3962634637 1916138.8591102844 10
935657.400158007 1916138.8970282683 10
935657.4040525506 1916138.9349462525 10
935657.4079470941 1916138.9728642364 10
935657.4118416375 1916139.0107822206 10
935657.415736181 1916139.0487002046 10
935657.4196307245 1916139.0866181888 10
935657.423525268 1916139.1245361727 10
935657.4274198114 1916139.1624541567 10
935657.4313143549 1916139.2003721409 10
935657.4352088984 1916139.2382901248 10
935657.4391034418 1916139.276208109 10
935657.4429979853 1916139.314126093 10
935657.4468925288 1916139.352044077 10
935657.4507870723 1916139.389962061 10
935657.4546816157 1916139.427880045 10
935657.4585761592 1916139.4657980292 10
935657.4624707027 1916139.5037160132 10
935657.4663652461 1916139.5416339973 10
935657.4702597896 1916139.5795519813 10
935657.4741543331 1916139.6174699652 10
935657.4780488766 1916139.6553879494 10
935657.48194342 1916139.6933059334 10
935657.4858379635 1916139.7312239176 10
935657.489732507 1916139.7691419015 10
935657.4936270504 1916139.8070598855 10
935657.4975215939 1916139.8449778697 10
935657.5014161374 1916139.8828958536 10
935657.505310681 1916139.9208138378 10
935657.5092052243 1916139.9587318217 10
935657.5130997678 1916139.996649806 10
935657.5169943114 1916140.0345677899 10
935657.5208888547 1916140.0724857738 10
935657.5247833983 1916140.110403758 10
935657.5286779418 1916140.148321742 10
935657.5325724853 1916140.1862397261 10
935657.5364670287 1916140.22415771 10
935657.5403615722 1916140.262075694 10
935657.5442561157 1916140.2999936782 10
935657.5481506591 1916140.3379116622 10
935657.5520452026 1916140.3758296464 10
935657.5559397461 1916140.4137476303 10
935657.5598342896 1916140.4516656145 10
935657.563728833 1916140.4895835984 10
935657.5676233765 1916140.5275015824 10
935657.57151792 1916140.5654195666 10
935657.5754124634 1916140.6033375505 10
935657.5793070069 1916140.6412555347 10
935657.5832015504 1916140.6791735187 10
935657.5870960939 1916140.7170915026 10
935657.5909906373 1916140.7550094868 10
935657.5948851808 1916140.7929274708 10
935657.5987797243 1916140.830845455 10
935657.6026742677 1916140.868763439 10
935657.6065688112 1916140.906681423 10
935657.6104633547 1916140.944599407 10
935657.6143578982 1916140.982517391 10
935657.6182524416 1916141.0204353752 10
935657.6221469851 1916141.058353359 10
935657.6260415287 1916141.0962713433 10
935657.629936072 1916141.1341893272 10
935657.6338306156 1916141.1721073112 10
935657.6377251591 1916141.2100252954 10
935657.6416197026 1916141.2479432793 10
935657.645514246 1916141.2858612635 10
935657.6494087895 1916141.3237792475 10
935657.653303333 1916141.3616972317 10
935657.6571978764 1916141.3996152156 10
935657.6610924199 1916141.4375331996 10
935657.6649869634 1916141.4754511837 10
935657.6688815069 1916141.5133691677 10
935657.6727760503 1916141.5512871519 10
935657.6766705938 1916141.5892051358 10
935657.6805651373 1916141.6271231198 10
935657.6844596807 1916141.665041104 10
935657.6883542242 1916141.702959088 10
935657.6922487677 1916141.740877072 10
935657.6961433112 1916141.778795056 10
935657.7000378546 1916141.8167130402 10
935657.7039323981 1916141.8546310242 10
935657.7078269416 1916141.8925490081 10
935657.711721485 1916141.9304669923 10
935657.7156160285 1916141.9683849763 10
935657.719510572 1916142.0063029604 10
935657.7234051155 1916142.0442209444 10
935657.7272996589 1916142.0821389284 10
935657.7311942024 1916142.1200569125 10
935657.735088746 1916142.1579748965 10
935657.7389832893 1916142.1958928807 10
935657.7428778328 1916142.2338108646 10
935657.7467723764 1916142.2717288488 10
935657.7506669199 1916142.3096468328 10
935657.7545614633 1916142.3475648167 10
935657.7584560068 1916142.385482801 10
935657.7623505503 1916142.4234007848 10
935657.7662450937 1916142.461318769 10
935657.7701396372 1916142.499236753 10
935657.7740341807 1916142.537154737 10
935657.7779287242 1916142.575072721 10
935657.7818232676 1916142.612990705 10
935657.7857178111 1916142.6509086892 10
935657.7896123546 1916142.6888266732 10
935657.7935068981 1916142.7267446574 10
935657.7974014415 1916142.7646626413 10
935657.801295985 1916142.8025806253 10
935657.8051905285 1916142.8404986095 10
935657.8090850719 1916142.8784165934 10
935657.8129796154 1916142.9163345776 10
935657.8168741589 1916142.9542525616 10
935657.8207687024 1916142.9921705455 10
935657.8246632458 1916143.0300885297 10
935657.8285577893 1916143.0680065136 10
935657.8324523328 1916143.1059244978 10
935657.8363468762 1916143.1438424818 10
935657.8402414197 1916143.181760466 10
935657.8441359632 1916143.21967845 10
935657.8480305067 1916143.2575964339 10
935657.8519250501 1916143.295514418 10
935657.8558195936 1916143.333432402 10
935657.8597141372 1916143.3713503862 10
935657.8636086805 1916143.4092683701 10
935657.867503224 1916143.447186354 10
935657.8713977676 1916143.4851043383 10
935657.8752923111 1916143.5230223222 10
935657.8791868545 1916143.5609403064 10
935657.883081398 1916143.5988582904 10
935657.8869759415 1916143.6367762745 10
935657.8908704849 1916143.6746942585 10
935657.8947650284 1916143.7126122424 10
935657.8986595719 1916143.7505302266 10
935657.9025541154 1916143.7884482106 10
935657.9064486588 1916143.8263661948 10
935657.9103432023 1916143.8642841787 10
935657.9142377458 1916143.9022021627 10
935657.9181322892 1916143.9401201468 10
935657.9220268327 1916143.9780381308 10
935657.9259213762 1916144.015956115 10
935657.9298159197 1916144.053874099 10
935657.9337104631 1916144.091792083 10
935657.9376050066 1916144.129710067 10
935657.9414995501 1916144.167628051 10
935657.9453940935 1916144.2055460352 10
935657.949288637 1916144.2434640191 10
935657.9531831805 1916144.2813820033 10
935657.957077724 1916144.3192999873 10
935657.9609722674 1916144.3572179712 10
935657.964866811 1916144.3951359554 10
935657.9687613545 1916144.4330539394 10
935657.9726558978 1916144.4709719236 10
935657.9765504414 1916144.5088899075 10
935657.9804449849 1916144.5468078917 10
935657.9843395284 1916144.5847258756 10
935657.9882340718 1916144.6226438596 10
935657.9921286153 1916144.6605618438 10
935657.9960231588 1916144.6984798277 10
935657.9999177022 1916144.736397812 10
935658.0038122457 1916144.7743157959 10
935658.0077067892 1916144.8122337798 10
935658.0116013327 1916144.850151764 10
935658.0154958761 1916144.888069748 10
935658.0193904196 1916144.9259877321 10
935658.0232849631 1916144.963905716 10
935658.0271795065 1916145.0018237003 10
935658.03107405 1916145.0397416842 10
935658.0349685935 1916145.0776596682 10
935658.038863137 1916145.1155776524 10
935658.0427576804 1916145.1534956363 10
935658.0466522239 1916145.1914136205 10
935658.0505467674 1916145.2293316044 10
935658.0544413108 1916145.2672495884 10
935658.0583358543 1916145.3051675726 10
935658.0622303978 1916145.3430855565 10
935658.0661249413 1916145.3810035407 10
935658.0700194847 1916145.4189215247 10
935658.0739140282 1916145.4568395088 10
935658.0778085717 1916145.4947574928 10
935658.0817031151 1916145.5326754767 10
935658.0855976586 1916145.570593461 10
935658.0894922022 1916145.6085114449 10
935658.0933867457 1916145.646429429 10
935658.097281289 1916145.684347413 10
935658.1011758326 1916145.722265397 10
935658.1050703761 1916145.7601833811 10
935658.1089649195 1916145.798101365 10
935658.112859463 1916145.8360193493 10
935658.1167540065 1916145.8739373332 10
935658.12064855 1916145.9118553174 10
935658.1245430934 1916145.9497733014 10
935658.1284376369 1916145.9876912853 10
935658.1323321804 1916146.0256092695 10
935658.1362267238 1916146.0635272535 10
935658.1401212673 1916146.1014452376 10
935658.1440158108 1916146.1393632216 10
935658.1479103543 1916146.1772812055 10
935658.1518048977 1916146.2151991897 10
935658.1556994412 1916146.2531171737 10
935658.1595939847 1916146.2910351579 10
935658.1634885281 1916146.3289531418 10
935658.1673830716 1916146.366871126 10
935658.1712776151 1916146.40478911 10
935658.1751721586 1916146.442707094 10
935658.179066702 1916146.480625078 10
935658.1829612455 1916146.518543062 10
935658.186855789 1916146.5564610462 10
935658.1907503324 1916146.5943790302 10
935658.1946448759 1916146.6322970141 10
935658.1985394194 1916146.6702149983 10
935658.202433963 1916146.7081329823 10
935658.2063285063 1916146.7460509664 10
935658.2102230499 1916146.7839689504 10
935658.2141175934 1916146.8218869346 10
935658.2180121368 1916146.8598049185 10
935658.2219066803 1916146.8977229025 10
935658.2258012238 1916146.9356408867 10
935658.2296957673 1916146.9735588706 10
935658.2335903107 1916147.0114768548 10
935658.2374848542 1916147.0493948387 10
935658.2413793977 1916147.0873128227 10
935658.2452739411 1916147.1252308069 10
935658.2491684846 1916147.1631487908 10
935658.2530630281 1916147.201066775 10
935658.2569575716 1916147.238984759 10
935658.260852115 1916147.2769027431 10
935658.2647466585 1916147.314820727 10
935658.268641202 1916147.352738711 10
935658.2725357455 1916147.3906566952 10
935658.2764302889 1916147.4285746792 10
935658.2803248324 1916147.4664926634 10
935658.2842193759 1916147.5044106473 10
935658.2881139193 1916147.5423286313 10
935658.2920084628 1916147.5802466155 10
935658.2959030063 1916147.6181645994 10
935658.2997975498 1916147.6560825836 10
935658.3036920932 1916147.6940005675 10
935658.3075866367 1916147.7319185517 10
935658.3114811803 1916147.7698365357 10
935658.3153757236 1916147.8077545196 10
935658.3192702672 1916147.8456725038 10
935658.3231648107 1916147.8835904878 10
935658.3270593542 1916147.921508472 10
935658.3309538976 1916147.959426456 10
935658.3348484411 1916147.9973444398 10
935658.3387429846 1916148.035262424 10
935658.342637528 1916148.073180408 10
935658.3465320715 1916148.1110983922 10
935658.350426615 1916148.1490163761 10
935658.3543211585 1916148.1869343603 10
935658.3582157019 1916148.2248523443 10
935658.3621102454 1916148.2627703282 10
935658.3660047889 1916148.3006883124 10
935658.3698993323 1916148.3386062963 10
935658.3737938758 1916148.3765242805 10
935658.3776884193 1916148.4144422645 10
935658.3815829628 1916148.4523602484 10
935658.3854775062 1916148.4902782326 10
935658.3893720497 1916148.5281962166 10
935658.3932665932 1916148.5661142007 10
935658.3971611366 1916148.6040321847 10
935658.4010556801 1916148.6419501689 10
935658.4049502236 1916148.6798681528 10
935658.4088447671 1916148.7177861368 10
935658.4127393105 1916148.755704121 10
935658.416633854 1916148.793622105 10
935658.4205283975 1916148.831540089 10
935658.4244229409 1916148.869458073 10
935658.4283174844 1916148.907376057 10
935658.432212028 1916148.9452940412 10
935658.4361065715 1916148.9832120251 10
935658.4400011149 1916149.0211300093 10
935658.4438956584 1916149.0590479933 10
935658.4477902019 1916149.0969659775 10
935658.4516847453 1916149.1348839614 10
935658.4555792888 1916149.1728019454 10
935658.4594738323 1916149.2107199295 10
935658.4633683758 1916149.2486379135 10
935658.4672629192 1916149.2865558977 10
935658.4711574627 1916149.3244738816 10
935658.4750520062 1916149.3623918656 10
935658.4789465496 1916149.4003098498 10
935658.4828410931 1916149.4382278337 10
935658.4867356366 1916149.476145818 10
935658.4906301801 1916149.5140638018 10
935658.4945247235 1916149.551981786 10
935658.498419267 1916149.58989977 10
935658.4950744188 1916149.6000841206 10
935658.4917295708 1916149.610268471 10
935658.4883847226 1916149.6204528217 10
935658.4850398746 1916149.6306371721 10
935658.4816950264 1916149.6408215228 10
935658.4783501782 1916149.6510058732 10
935658.4750053302 1916149.6611902239 10
935658.471660482 1916149.6713745743 10
935658.468315634 1916149.681558925 10
935658.4649707858 1916149.6917432754 10
935658.4616259376 1916149.701927626 10
935658.4582810896 1916149.7121119765 10
935658.4549362414 1916149.7222963271 10
935658.4515913933 1916149.7324806775 10
935658.4482465452 1916149.7426650282 10
935658.4449016971 1916149.7528493786 10
935658.4415568489 1916149.7630337293 10
935658.4382120008 1916149.7732180797 10
935658.4348671527 1916149.7834024304 10
935658.4315223045 1916149.7935867808 10
935658.4281774565 1916149.8037711314 10
935658.4248326083 1916149.8139554819 10
935658.4214877601 1916149.8241398325 10
935658.4181429121 1916149.834324183 10
935658.4147980639 1916149.8445085336 10
935658.4114532159 1916149.854692884 10
935658.4081083677 1916149.8648772347 10
935658.4047635195 1916149.875061585 10
935658.4014186715 1916149.8852459358 10
935658.3980738233 1916149.8954302862 10
935658.3947289753 1916149.9056146368 10
935658.3913841271 1916149.9157989873 10
935658.3880392789 1916149.925983338 10
935658.3846944309 1916149.9361676883 10
935658.3813495827 1916149.946352039 10
935658.3780047346 1916149.9565363894 10
935658.3746598865 1916149.96672074 10
935658.3713150384 1916149.9769050905 10
935658.3679701902 1916149.9870894412 10
935658.3646253421 1916149.9972737916 10
935658.361280494 1916150.0074581422 10
935658.3579356459 1916150.0176424927 10
935658.3545907978 1916150.0278268433 10
935658.3512459496 1916150.0380111937 10
935658.3479011015 1916150.0481955444 10
935658.3445562534 1916150.0583798948 10
935658.3412114052 1916150.0685642455 10
935658.3378665572 1916150.078748596 10
935658.334521709 1916150.0889329466 10
935658.3311768608 1916150.099117297 10
935658.3278320128 1916150.1093016476 10
935658.3244871646 1916150.119485998 10
935658.3211423166 1916150.1296703487 10
935658.3177974684 1916150.1398546991 10
935658.3144526202 1916150.1500390498 10
935658.3111077722 1916150.1602234002 10
935658.307762924 1916150.1704077509 10
935658.304418076 1916150.1805921013 10
935658.3010732278 1916150.190776452 10
935658.2977283797 1916150.2009608024 10
935658.2943835316 1916150.211145153 10
935658.2910386834 1916150.2213295035 10
935658.2876938353 1916150.231513854 10
935658.2843489872 1916150.2416982045 10
935658.2810041391 1916150.2518825552 10
935658.2776592909 1916150.2620669056 10
935658.2743144428 1916150.2722512563 10
935658.2709695947 1916150.2824356067 10
935658.2676247465 1916150.2926199574 10
935658.2642798985 1916150.3028043078 10
935658.2609350503 1916150.3129886584 10
935658.2575902021 1916150.3231730089 10
935658.2542453541 1916150.3333573595 10
935658.2509005059 1916150.34354171 10
935658.2475556579 1916150.3537260606 10
935658.2442108097 1916150.363910411 10
935658.2408659615 1916150.3740947617 10
935658.2375211135 1916150.384279112 10
935658.2341762653 1916150.3944634628 10
935658.2308314173 1916150.4046478132 10
935658.2274865691 1916150.4148321638 10
935658.224141721 1916150.4250165143 10
935658.2207968729 1916150.435200865 10
935658.2174520247 1916150.4453852153 10
935658.2141071766 1916150.455569566 10
935658.2107623285 1916150.4657539164 10
935658.2074174804 1916150.475938267 10
935658.2040726322 1916150.4861226175 10
935658.2007277841 1916150.4963069682 10
935658.197382936 1916150.5064913186 10
935658.1940380879 1916150.5166756692 10
935658.1906932398 1916150.5268600197 10
935658.1873483916 1916150.5370443703 10
935658.1840035435 1916150.5472287207 10
935658.1806586954 1916150.5574130714 10
935658.1773138472 1916150.5675974218 10
935658.1739689992 1916150.5777817725 10
935658.170624151 1916150.587966123 10
935658.1672793028 1916150.5981504736 10
935658.1639344548 1916150.6083348242 10
935658.1605896066 1916150.6185191746 10
935658.1572447586 1916150.6287035253 10
935658.1538999104 1916150.6388878757 10
935658.1505550623 1916150.6490722264 10
935658.1472102142 1916150.6592565768 10
935658.143865366 1916150.6694409274 10
935658.140520518 1916150.6796252779 10
935658.1371756698 1916150.6898096285 10
935658.1338308217 1916150.699993979 10
935658.1304859736 1916150.7101783296 10
935658.1271411254 1916150.72036268 10
935658.1237962773 1916150.7305470307 10
935658.1204514292 1916150.740731381 10
935658.1171065811 1916150.7509157318 10
935658.1137617329 1916150.7611000822 10
935658.1104168848 1916150.7712844328 10
935658.1070720367 1916150.7814687833 10
935658.1037271885 1916150.791653134 10
935658.1003823405 1916150.8018374844 10
935658.0970374923 1916150.812021835 10
935658.0936926441 1916150.8222061854 10
935658.0903477961 1916150.832390536 10
935658.0870029479 1916150.8425748865 10
935658.0836580999 1916150.8527592372 10
935658.0803132517 1916150.8629435876 10
935658.0769684036 1916150.8731279382 10
935658.0736235555 1916150.8833122887 10
935658.0702787073 1916150.8934966393 10
935658.0669338593 1916150.9036809898 10
935658.0635890111 1916150.9138653404 10
935658.060244163 1916150.9240496908 10
935658.0568993149 1916150.9342340415 10
935658.0535544667 1916150.944418392 10
935658.0502096186 1916150.9546027426 10
935658.0468647705 1916150.964787093 10
935658.0435199224 1916150.9749714436 10
935658.0401750742 1916150.985155794 10
935658.0368302261 1916150.9953401447 10
935658.033485378 1916151.0055244952 10
935658.0301405299 1916151.0157088458 10
935658.0267956818 1916151.0258931962 10
935658.0234508336 1916151.036077547 10
935658.0201059855 1916151.0462618973 10
935658.0167611374 1916151.056446248 10
935658.0134162892 1916151.0666305984 10
935658.0100714412 1916151.076814949 10
935658.006726593 1916151.0869992995 10
935658.003381745 1916151.0971836501 10
935658.0000368968 1916151.1073680006 10
935657.9966920486 1916151.1175523512 10
935657.9933472006 1916151.1277367016 10
935657.9900023524 1916151.1379210523 10
935657.9866575043 1916151.1481054027 10
935657.9833126562 1916151.1582897534 10
935657.979967808 1916151.1684741038 10
935657.97662296 1916151.1786584544 10
935657.9732781118 1916151.1888428049 10
935657.9699332637 1916151.1990271555 10
935657.9665884156 1916151.209211506 10
935657.9632435674 1916151.2193958566 10
935657.9598987193 1916151.229580207 10
935657.9565538712 1916151.2397645577 10
935657.9532090231 1916151.249948908 10
935657.9498641749 1916151.2601332588 10
935657.9465193268 1916151.2703176092 10
935657.9431744787 1916151.2805019598 10
935657.9398296305 1916151.2906863103 10
935657.9364847825 1916151.300870661 10
935657.9331399343 1916151.3110550113 10
935657.9297950862 1916151.321239362 10
935657.9264502381 1916151.3314237124 10
935657.9231053899 1916151.341608063 10
935657.9197605419 1916151.3517924135 10
935657.9164156937 1916151.3619767642 10
935657.9130708457 1916151.3721611146 10
935657.9097259975 1916151.3823454652 10
935657.9063811493 1916151.3925298157 10
935657.9030363013 1916151.4027141663 10
935657.8996914531 1916151.4128985167 10
935657.896346605 1916151.4230828674 10
935657.8930017569 1916151.4332672178 10
935657.8896569087 1916151.4434515685 10
935657.8863120606 1916151.453635919 10
935657.8829672125 1916151.4638202696 10
935657.8796223644 1916151.47400462 10
935657.8762775162 1916151.4841889706 10
935657.8729326681 1916151.494373321 10
935657.86958782 1916151.5045576717 10
935657.8662429719 1916151.5147420221 10
935657.8628981238 1916151.5249263728 10
935657.8595532756 1916151.5351107232 10
935657.8562084275 1916151.545295074 10
935657.8528635794 1916151.5554794243 10
935657.8495187312 1916151.565663775 10
935657.8461738832 1916151.5758481254 10
935657.842829035 1916151.586032476 10
935657.839484187 1916151.5962168265 10
935657.8361393388 1916151.6064011771 10
935657.8327944906 1916151.6165855275 10
935657.8294496426 1916151.6267698782 10
935657.8261047944 1916151.6369542289 10
935657.8227599463 1916151.6471385793 10
935657.8194150982 1916151.65732293 10
935657.81607025 1916151.6675072804 10
935657.812725402 1916151.677691631 10
935657.8093805538 1916151.6878759814 10
935657.8060357057 1916151.698060332 10
935657.8026908576 1916151.7082446825 10
935657.7993460094 1916151.7184290332 10
935657.7960011613 1916151.7286133836 10
935657.7926563132 1916151.7387977343 10
935657.7893114651 1916151.7489820847 10
935657.7859666169 1916151.7591664353 10
935657.7826217688 1916151.7693507858 10
935657.7792769207 1916151.7795351364 10
935657.7759320725 1916151.7897194868 10
935657.7725872245 1916151.7999038375 10
935657.7692423763 1916151.810088188 10
935657.7658975283 1916151.8202725386 10
935657.7625526801 1916151.830456889 10
935657.7592078319 1916151.8406412397 10
935657.7558629839 1916151.85082559 10
935657.7525181357 1916151.8610099407 10
935657.7491732877 1916151.8711942912 10
935657.7458284395 1916151.8813786418 10
935657.7424835913 1916151.8915629922 10
935657.7391387433 1916151.901747343 10
935657.7357938951 1916151.9119316933 10
935657.732449047 1916151.922116044 10
935657.7291041989 1916151.9323003944 10
935657.7257593507 1916151.942484745 10
935657.7224145026 1916151.9526690955 10
935657.7190696545 1916151.9628534461 10
935657.7157248064 1916151.9730377966 10
935657.7123799582 1916151.9832221472 10
935657.7090351101 1916151.9934064976 10
935657.705690262 1916152.0035908483 10
935657.7023454139 1916152.0137751987 10
935657.6990005658 1916152.0239595494 10
935657.6956557176 1916152.0341438998 10
935657.6923108696 1916152.0443282505 10
935657.6889660214 1916152.0545126009 10
935657.6856211732 1916152.0646969515 10
935657.6822763252 1916152.074881302 10
935657.678931477 1916152.0850656526 10
935657.675586629 1916152.095250003 10
935657.6722417808 1916152.1054343537 10
935657.6688969326 1916152.1156187041 10
935657.6655520846 1916152.1258030548 10
935657.6622072364 1916152.1359874052 10
935657.6588623883 1916152.1461717559 10
935657.6555175402 1916152.1563561063 10
935657.652172692 1916152.166540457 10
935657.648827844 1916152.1767248074 10
935657.6454829958 1916152.186909158 10
935657.6421381477 1916152.1970935084 10
935657.6387932996 1916152.207277859 10
935657.6354484514 1916152.2174622095 10
935657.6321036033 1916152.2276465602 10
935657.6287587552 1916152.2378309106 10
935657.6254139071 1916152.2480152613 10
935657.6220690589 1916152.2581996117 10
935657.6187242109 1916152.2683839623 10
935657.6153793627 1916152.2785683128 10
935657.6120345145 1916152.2887526634 10
935657.6086896665 1916152.2989370138 10
935657.6053448183 1916152.3091213645 10
935657.6019999703 1916152.319305715 10
935657.5986551221 1916152.3294900656 10
935657.5953102739 1916152.339674416 10
935657.5919654259 1916152.3498587667 10
935657.5886205777 1916152.360043117 10
935657.5852757297 1916152.3702274677 10
935657.5819308815 1916152.3804118182 10
935657.5785860333 1916152.3905961688 10
935657.5752411853 1916152.4007805192 10
935657.5718963371 1916152.41096487 10
935657.568551489 1916152.4211492203 10
935657.5652066409 1916152.431333571 10
935657.5618617927 1916152.4415179214 10
935657.5585169446 1916152.451702272 10
935657.5551720965 1916152.4618866225 10
935657.5518272484 1916152.4720709731 10
935657.5484824002 1916152.4822553236 10
935657.5451375522 1916152.4924396742 10
935657.541792704 1916152.5026240246 10
935657.5384478559 1916152.5128083753 10
935657.5351030078 1916152.5229927257 10
935657.5317581596 1916152.5331770764 10
935657.5284133116 1916152.5433614268 10
935657.5250684634 1916152.5535457775 10
935657.5217236152 1916152.5637301279 10
935657.5183787672 1916152.5739144785 10
935657.515033919 1916152.584098829 10
935657.511689071 1916152.5942831796 10
935657.5083442228 1916152.60446753 10
935657.5049993746 1916152.6146518807 10
935657.5016545266 1916152.624836231 10
935657.4983096784 1916152.6350205818 10
935657.4949648303 1916152.6452049324 10
935657.4916199822 1916152.6553892829 10
935657.488275134 1916152.6655736335 10
935657.484930286 1916152.675757984 10
935657.4815854378 1916152.6859423346 10
935657.4782405897 1916152.696126685 10
935657.4748957416 1916152.7063110357 10
935657.4715508935 1916152.716495386 10
935657.4682060453 1916152.7266797367 10
935657.4648611972 1916152.7368640872 10
935657.4615163491 1916152.7470484378 10
935657.4581715009 1916152.7572327883 10
935657.4548266529 1916152.767417139 10
935657.4514818047 1916152.7776014893 10
935657.4481369565 1916152.78778584 10
935657.4447921085 1916152.7979701904 10
935657.4414472603 1916152.808154541 10
935657.4381024123 1916152.8183388915 10
935657.4347575641 1916152.8285232421 10
935657.4314127159 1916152.8387075926 10
935657.4280678679 1916152.8488919432 10
935657.4247230197 1916152.8590762937 10
935657.4213781717 1916152.8692606443 10
935657.4180333235 1916152.8794449947 10
935657.4146884753 1916152.8896293454 10
935657.4113436273 1916152.8998136958 10
935657.4079987791 1916152.9099980465 10
935657.404653931 1916152.920182397 10
935657.4013090829 1916152.9303667475 10
935657.3979642348 1916152.940551098 10
935657.3946193866 1916152.9507354486 10
935657.3912745385 1916152.960919799 10
935657.3879296904 1916152.9711041497 10
935657.3845848422 1916152.9812885001 10
935657.3812399942 1916152.9914728508 10
935657.377895146 1916153.0016572012 10
935657.3745502979 1916153.0118415519 10
935657.3712054498 1916153.0220259023 10
935657.3678606016 1916153.032210253 10
935657.3645157536 1916153.0423946034 10
935657.3611709054 1916153.052578954 10
935657.3578260572 1916153.0627633044 10
935657.3544812092 1916153.072947655 10
935657.351136361 1916153.0831320055 10
935657.347791513 1916153.0933163562 10
935657.3444466648 1916153.1035007066 10
935657.3411018166 1916153.1136850573 10
935657.3377569686 1916153.1238694077 10
935657.3344121204 1916153.1340537583 10
935657.3310672723 1916153.1442381088 10
935657.3277224242 1916153.1544224594 10
935657.324377576 1916153.1646068098 10
935657.321032728 1916153.1747911605 10
935657.3176878798 1916153.184975511 10
935657.3143430317 1916153.1951598616 10
935657.3109981836 1916153.205344212 10
935657.3076533355 1916153.2155285627 10
935657.3043084873 1916153.225712913 10
935657.3009636392 1916153.2358972637 10
935657.2976187911 1916153.2460816142 10
935657.294273943 1916153.2562659648 10
935657.2909290949 1916153.2664503152 10
935657.2875842467 1916153.276634666 10
935657.2842393985 1916153.2868190163 10
935657.2808945505 1916153.297003367 10
935657.2775497023 1916153.3071877174 10
935657.2742048543 1916153.317372068 10
935657.2708600061 1916153.3275564185 10
935657.2675151579 1916153.3377407691 10
935657.2641703099 1916153.3479251196 10
935657.2608254617 1916153.3581094702 10
935657.2574806137 1916153.3682938206 10
935657.2541357655 1916153.3784781713 10
935657.2507909173 1916153.3886625217 10
935657.2474460693 1916153.3988468724 10
935657.2441012211 1916153.4090312228 10
935657.240756373 1916153.4192155735 10
935657.2374115249 1916153.429399924 10
935657.2340666768 1916153.4395842745 10
935657.2307218286 1916153.449768625 10
935657.2273769805 1916153.4599529756 10
935657.2240321324 1916153.470137326 10
935657.2206872843 1916153.4803216767 10
935657.2173424362 1916153.4905060271 10
935657.213997588 1916153.5006903778 10
935657.2106527399 1916153.5108747282 10
935657.2073078918 1916153.5210590789 10
935657.2039630436 1916153.5312434293 10
935657.2006181956 1916153.54142778 10
935657.1972733474 1916153.5516121304 10
935657.1939284992 1916153.561796481 10
935657.1905836512 1916153.5719808314 10
935657.187238803 1916153.582165182 10
935657.183893955 1916153.5923495325 10
935657.1805491068 1916153.6025338832 10
935657.1772042586 1916153.6127182336 10
935657.1738594106 1916153.6229025843 10
935657.1705145624 1916153.6330869347 10
935657.1671697143 1916153.6432712853 10
935657.1638248662 1916153.6534556358 10
935657.1604800181 1916153.6636399864 10
935657.15713517 1916153.673824337 10
935657.1537903218 1916153.6840086875 10
935657.1504454737 1916153.6941930382 10
935657.1471006256 1916153.7043773886 10
935657.1437557775 1916153.7145617392 10
935657.1404109293 1916153.7247460897 10
935657.1370660812 1916153.7349304403 10
935657.1337212331 1916153.7451147907 10
935657.130376385 1916153.7552991414 10
935657.1270315369 1916153.7654834918 10
935657.1236866887 1916153.7756678425 10
935657.1203418405 1916153.785852193 10
935657.1169969925 1916153.7960365436 10
935657.1136521443 1916153.806220894 10
935657.1103072963 1916153.8164052446 10
935657.1069624481 1916153.826589595 10
935657.1036175999 1916153.8367739457 10
935657.1002727519 1916153.8469582961 10
935657.0969279037 1916153.8571426468 10
935657.0935830557 1916153.8673269972 10
935657.0902382075 1916153.8775113479 10
935657.0868933594 1916153.8876956983 10
935657.0835485113 1916153.897880049 10
935657.0802036631 1916153.9080643994 10
935657.076858815 1916153.91824875 10
935657.0735139669 1916153.9284331005 10
935657.0701691188 1916153.9386174511 10
935657.0668242706 1916153.9488018015 10
935657.0634794225 1916153.9589861522 10
935657.0601345744 1916153.9691705026 10
935657.0567897263 1916153.9793548533 10
935657.0534448782 1916153.9895392037 10
935657.05010003 1916153.9997235544 10
935657.0467551819 1916154.0099079048 10
935657.0434103338 1916154.0200922554 10
935657.0400654856 1916154.0302766059 10
935657.0367206376 1916154.0404609565 10
935657.0333757894 1916154.050645307 10
935657.0300309412 1916154.0608296576 10
935657.0266860932 1916154.071014008 10
935657.023341245 1916154.0811983587 10
935657.019996397 1916154.091382709 10
935657.0166515488 1916154.1015670598 10
935657.0133067007 1916154.1117514102 10
935657.0099618526 1916154.1219357608 10
935657.0066170044 1916154.1321201113 10
935657.0032721563 1916154.142304462 10
935656.9999273082 1916154.1524888123 10
935656.9965824601 1916154.162673163 10
935656.993237612 1916154.1728575134 10
935656.9898927638 1916154.183041864 10
935656.9865479157 1916154.1932262145 10
935656.9832030676 1916154.2034105652 10
935656.9798582195 1916154.2135949156 10
935656.9765133713 1916154.2237792662 10
935656.9731685232 1916154.2339636167 10
935656.9698236751 1916154.2441479673 10
935656.966478827 1916154.2543323177 10
935656.9631339789 1916154.2645166684 10
935656.9597891307 1916154.2747010188 10
935656.9564442826 1916154.2848853695 10
935656.9530994345 1916154.29506972 10
935656.9497545863 1916154.3052540706 10
935656.9464097383 1916154.315438421 10
935656.9430648901 1916154.3256227716 10
935656.939720042 1916154.335807122 10
935656.9363751939 1916154.3459914727 10
935656.9330303457 1916154.3561758231 10
935656.9296854977 1916154.3663601738 10
935656.9263406495 1916154.3765445242 10
935656.9229958014 1916154.3867288749 10
935656.9196509533 1916154.3969132253 10
935656.9163061051 1916154.407097576 10
935656.912961257 1916154.4172819264 10
935656.9096164089 1916154.427466277 10
935656.9062715608 1916154.4376506275 10
935656.9029267126 1916154.447834978 10
935656.8995818645 1916154.4580193285 10
935656.8962370164 1916154.4682036792 10
935656.8928921683 1916154.4783880296 10
935656.8895473202 1916154.4885723803 10
935656.886202472 1916154.4987567307 10
935656.8828576239 1916154.5089410814 10
935656.8795127758 1916154.5191254318 10
935656.8761679276 1916154.5293097824 10
935656.8728230796 1916154.5394941329 10
935656.8694782314 1916154.5496784835 10
935656.8661333834 1916154.559862834 10
935656.8627885352 1916154.5700471846 10
935656.859443687 1916154.580231535 10
935656.856098839 1916154.5904158857 10
935656.8527539908 1916154.600600236 10
935656.8494091427 1916154.6107845868 10
935656.8460642946 1916154.6209689372 10
935656.8427194464 1916154.6311532878 10
935656.8393745983 1916154.6413376383 10
935656.8360297502 1916154.651521989 10
935656.8326849021 1916154.6617063393 10
935656.829340054 1916154.67189069 10