935658.498419267 1916149.58989977
935658.4950744188 1916149.6000841206
935658.4917295708 1916149.610268471
935658.4883847226 1916149.6204528217
935658.4850398746 1916149.6306371721
935658.4816950264 1916149.6408215228
935658.4783501782 1916149.6510058732
935658.4750053302 1916149.6611902239
935658.471660482 1916149.6713745743
935658.468315634 1916149.681558925
935658.4649707858 1916149.6917432754
935658.4616259376 1916149.701927626
935658.4582810896 1916149.7121119765
935658.4549362414 1916149.7222963271
935658.4515913933 1916149.7324806775
935658.4482465452 1916149.7426650282
935658.4449016971 1916149.7528493786
935658.4415568489 1916149.7630337293
935658.4382120008 1916149.7732180797
935658.4348671527 1916149.7834024304
935658.4315223045 1916149.7935867808
935658.4281774565 1916149.8037711314
935658.4248326083 1916149.8139554819
935658.4214877601 1916149.8241398325
935658.4181429121 1916149.834324183
935658.4147980639 1916149.8445085336
935658.4114532159 1916149.854692884
935658.4081083677 1916149.8648772347
935658.4047635195 1916149.875061585
935658.4014186715 1916149.8852459358
935658.3980738233 1916149.8954302862
935658.3947289753 1916149.9056146368
935658.3913841271 1916149.9157989873
935658.3880392789 1916149.925983338
935658.3846944309 1916149.9361676883
935658.3813495827 1916149.946352039
935658.3780047346 1916149.9565363894
935658.3746598865 1916149.96672074
935658.3713150384 1916149.9769050905
935658.3679701902 1916149.9870894412
935658.3646253421 1916149.9972737916
935658.361280494 1916150.0074581422
935658.3579356459 1916150.0176424927
935658.3545907978 1916150.0278268433
935658.3512459496 1916150.0380111937
935658.3479011015 1916150.0481955444
935658.3445562534 1916150.0583798948
935658.3412114052 1916150.0685642455
935658.3378665572 1916150.078748596
935658.334521709 1916150.0889329466
935658.3311768608 1916150.099117297
935658.3278320128 1916150.1093016476
935658.3244871646 1916150.119485998
935658.3211423166 1916150.1296703487
935658.3177974684 1916150.1398546991
935658.3144526202 1916150.1500390498
935658.3111077722 1916150.1602234002
935658.307762924 1916150.1704077509
935658.304418076 1916150.1805921013
935658.3010732278 1916150.190776452
935658.2977283797 1916150.2009608024
935658.2943835316 1916150.211145153
935658.2910386834 1916150.2213295035
935658.2876938353 1916150.231513854
935658.2843489872 1916150.2416982045
935658.2810041391 1916150.2518825552
935658.2776592909 1916150.2620669056
935658.2743144428 1916150.2722512563
935658.2709695947 1916150.2824356067
935658.2676247465 1916150.2926199574
935658.2642798985 1916150.3028043078
935658.2609350503 1916150.3129886584
935658.2575902021 1916150.3231730089
935658.2542453541 1916150.3333573595
935658.2509005059 1916150.34354171
935658.2475556579 1916150.3537260606
935658.2442108097 1916150.363910411
935658.2408659615 1916150.3740947617
935658.2375211135 1916150.384279112
935658.2341762653 1916150.3944634628
935658.2308314173 1916150.4046478132
935658.2274865691 1916150.4148321638
935658.224141721 1916150.4250165143
935658.2207968729 1916150.435200865
935658.2174520247 1916150.4453852153
935658.2141071766 1916150.455569566
935658.2107623285 1916150.4657539164
935658.2074174804 1916150.475938267
935658.2040726322 1916150.4861226175
935658.2007277841 1916150.4963069682
935658.197382936 1916150.5064913186
935658.1940380879 1916150.5166756692
935658.1906932398 1916150.5268600197
935658.1873483916 1916150.5370443703
935658.1840035435 1916150.5472287207
935658.1806586954 1916150.5574130714
935658.1773138472 1916150.5675974218
935658.1739689992 1916150.5777817725
935658.170624151 1916150.587966123
935658.1672793028 1916150.5981504736
935658.1639344548 1916150.6083348242
935658.1605896066 1916150.6185191746
935658.1572447586 1916150.6287035253
935658.1538999104 1916150.6388878757
935658.1505550623 1916150.6490722264
935658.1472102142 1916150.6592565768
935658.143865366 1916150.6694409274
935658.140520518 1916150.6796252779
935658.1371756698 1916150.6898096285
935658.1338308217 1916150.699993979
935658.1304859736 1916150.7101783296
935658.1271411254 1916150.72036268
935658.1237962773 1916150.7305470307
935658.1204514292 1916150.740731381
935658.1171065811 1916150.7509157318
935658.1137617329 1916150.7611000822
935658.1104168848 1916150.7712844328
935658.1070720367 1916150.7814687833
935658.1037271885 1916150.791653134
935658.1003823405 1916150.8018374844
935658.0970374923 1916150.812021835
935658.0936926441 1916150.8222061854
935658.0903477961 1916150.832390536
935658.0870029479 1916150.8425748865
935658.0836580999 1916150.8527592372
935658.0803132517 1916150.8629435876
935658.0769684036 1916150.8731279382
935658.0736235555 1916150.8833122887
935658.0702787073 1916150.8934966393
935658.0669338593 1916150.9036809898
935658.0635890111 1916150.9138653404
935658.060244163 1916150.9240496908
935658.0568993149 1916150.9342340415
935658.0535544667 1916150.944418392
935658.0502096186 1916150.9546027426
935658.0468647705 1916150.964787093
935658.0435199224 1916150.9749714436
935658.0401750742 1916150.985155794
935658.0368302261 1916150.9953401447
935658.033485378 1916151.0055244952
935658.0301405299 1916151.0157088458
935658.0267956818 1916151.0258931962
935658.0234508336 1916151.036077547
935658.0201059855 1916151.0462618973
935658.0167611374 1916151.056446248
935658.0134162892 1916151.0666305984
935658.0100714412 1916151.076814949
935658.006726593 1916151.0869992995
935658.003381745 1916151.0971836501
935658.0000368968 1916151.1073680006
935657.9966920486 1916151.1175523512
935657.9933472006 1916151.1277367016
935657.9900023524 1916151.1379210523
935657.9866575043 1916151.1481054027
935657.9833126562 1916151.1582897534
935657.979967808 1916151.1684741038
935657.97662296 1916151.1786584544
935657.9732781118 1916151.1888428049
935657.9699332637 1916151.1990271555
935657.9665884156 1916151.209211506
935657.9632435674 1916151.2193958566
935657.9598987193 1916151.229580207
935657.9565538712 1916151.2397645577
935657.9532090231 1916151.249948908
935657.9498641749 1916151.2601332588
935657.9465193268 1916151.2703176092
935657.9431744787 1916151.2805019598
935657.9398296305 1916151.2906863103
935657.9364847825 1916151.300870661
935657.9331399343 1916151.3110550113
935657.9297950862 1916151.321239362
935657.9264502381 1916151.3314237124
935657.9231053899 1916151.341608063
935657.9197605419 1916151.3517924135
935657.9164156937 1916151.3619767642
935657.9130708457 1916151.3721611146
935657.9097259975 1916151.3823454652
935657.9063811493 1916151.3925298157
935657.9030363013 1916151.4027141663
935657.8996914531 1916151.4128985167
935657.896346605 1916151.4230828674
935657.8930017569 1916151.4332672178
935657.8896569087 1916151.4434515685
935657.8863120606 1916151.453635919
935657.8829672125 1916151.4638202696
935657.8796223644 1916151.47400462
935657.8762775162 1916151.4841889706
935657.8729326681 1916151.494373321
935657.86958782 1916151.5045576717
935657.8662429719 1916151.5147420221
935657.8628981238 1916151.5249263728
935657.8595532756 1916151.5351107232
935657.8562084275 1916151.545295074
935657.8528635794 1916151.5554794243
935657.8495187312 1916151.565663775
935657.8461738832 1916151.5758481254
935657.842829035 1916151.586032476
935657.839484187 1916151.5962168265
935657.8361393388 1916151.6064011771
935657.8327944906 1916151.6165855275
935657.8294496426 1916151.6267698782
935657.8261047944 1916151.6369542289
935657.8227599463 1916151.6471385793
935657.8194150982 1916151.65732293
935657.81607025 1916151.6675072804
935657.812725402 1916151.677691631
935657.8093805538 1916151.6878759814
935657.8060357057 1916151.698060332
935657.8026908576 1916151.7082446825
935657.7993460094 1916151.7184290332
935657.7960011613 1916151.7286133836
935657.7926563132 1916151.7387977343
935657.7893114651 1916151.7489820847
935657.7859666169 1916151.7591664353
935657.7826217688 1916151.7693507858
935657.7792769207 1916151.7795351364
935657.7759320725 1916151.7897194868
935657.7725872245 1916151.7999038375
935657.7692423763 1916151.810088188
935657.7658975283 1916151.8202725386
935657.7625526801 1916151.830456889
935657.7592078319 1916151.8406412397
935657.7558629839 1916151.85082559
935657.7525181357 1916151.8610099407
935657.7491732877 1916151.8711942912
935657.7458284395 1916151.8813786418
935657.7424835913 1916151.8915629922
935657.7391387433 1916151.901747343
935657.7357938951 1916151.9119316933
935657.732449047 1916151.922116044
935657.7291041989 1916151.9323003944
935657.7257593507 1916151.942484745
935657.7224145026 1916151.9526690955
935657.7190696545 1916151.9628534461
935657.7157248064 1916151.9730377966
935657.7123799582 1916151.9832221472
935657.7090351101 1916151.9934064976
935657.705690262 1916152.0035908483
935657.7023454139 1916152.0137751987
935657.6990005658 1916152.0239595494
935657.6956557176 1916152.0341438998
935657.6923108696 1916152.0443282505
935657.6889660214 1916152.0545126009
935657.6856211732 1916152.0646969515
935657.6822763252 1916152.074881302
935657.678931477 1916152.0850656526
935657.675586629 1916152.095250003
935657.6722417808 1916152.1054343537
935657.6688969326 1916152.1156187041
935657.6655520846 1916152.1258030548
935657.6622072364 1916152.1359874052
935657.6588623883 1916152.1461717559
935657.6555175402 1916152.1563561063
935657.652172692 1916152.166540457
935657.648827844 1916152.1767248074
935657.6454829958 1916152.186909158
935657.6421381477 1916152.1970935084
935657.6387932996 1916152.207277859
935657.6354484514 1916152.2174622095
935657.6321036033 1916152.2276465602
935657.6287587552 1916152.2378309106
935657.6254139071 1916152.2480152613
935657.6220690589 1916152.2581996117
935657.6187242109 1916152.2683839623
935657.6153793627 1916152.2785683128
935657.6120345145 1916152.2887526634
935657.6086896665 1916152.2989370138
935657.6053448183 1916152.3091213645
935657.6019999703 1916152.319305715
935657.5986551221 1916152.3294900656
935657.5953102739 1916152.339674416
935657.5919654259 1916152.3498587667
935657.5886205777 1916152.360043117
935657.5852757297 1916152.3702274677
935657.5819308815 1916152.3804118182
935657.5785860333 1916152.3905961688
935657.5752411853 1916152.4007805192
935657.5718963371 1916152.41096487
935657.568551489 1916152.4211492203
935657.5652066409 1916152.431333571
935657.5618617927 1916152.4415179214
935657.5585169446 1916152.451702272
935657.5551720965 1916152.4618866225
935657.5518272484 1916152.4720709731
935657.5484824002 1916152.4822553236
935657.5451375522 1916152.4924396742
935657.541792704 1916152.5026240246
935657.5384478559 1916152.5128083753
935657.5351030078 1916152.5229927257
935657.5317581596 1916152.5331770764
935657.5284133116 1916152.5433614268
935657.5250684634 1916152.5535457775
935657.5217236152 1916152.5637301279
935657.5183787672 1916152.5739144785
935657.515033919 1916152.584098829
935657.511689071 1916152.5942831796
935657.5083442228 1916152.60446753
935657.5049993746 1916152.6146518807
935657.5016545266 1916152.624836231
935657.4983096784 1916152.6350205818
935657.4949648303 1916152.6452049324
935657.4916199822 1916152.6553892829
935657.488275134 1916152.6655736335
935657.484930286 1916152.675757984
935657.4815854378 1916152.6859423346
935657.4782405897 1916152.696126685
935657.4748957416 1916152.7063110357
935657.4715508935 1916152.716495386
935657.4682060453 1916152.7266797367
935657.4648611972 1916152.7368640872
935657.4615163491 1916152.7470484378
935657.4581715009 1916152.7572327883
935657.4548266529 1916152.767417139
935657.4514818047 1916152.7776014893
935657.4481369565 1916152.78778584
935657.4447921085 1916152.7979701904
935657.4414472603 1916152.808154541
935657.4381024123 1916152.8183388915
935657.4347575641 1916152.8285232421
935657.4314127159 1916152.8387075926
935657.4280678679 1916152.8488919432
935657.4247230197 1916152.8590762937
935657.4213781717 1916152.8692606443
935657.4180333235 1916152.8794449947
935657.4146884753 1916152.8896293454
935657.4113436273 1916152.8998136958
935657.4079987791 1916152.9099980465
935657.404653931 1916152.920182397
935657.4013090829 1916152.9303667475
935657.3979642348 1916152.940551098
935657.3946193866 1916152.9507354486
935657.3912745385 1916152.960919799
935657.3879296904 1916152.9711041497
935657.3845848422 1916152.9812885001
935657.3812399942 1916152.9914728508
935657.377895146 1916153.0016572012
935657.3745502979 1916153.0118415519
935657.3712054498 1916153.0220259023
935657.3678606016 1916153.032210253
935657.3645157536 1916153.0423946034
935657.3611709054 1916153.052578954
935657.3578260572 1916153.0627633044
935657.3544812092 1916153.072947655
935657.351136361 1916153.0831320055
935657.347791513 1916153.0933163562
935657.3444466648 1916153.1035007066
935657.3411018166 1916153.1136850573
935657.3377569686 1916153.1238694077
935657.3344121204 1916153.1340537583
935657.3310672723 1916153.1442381088
935657.3277224242 1916153.1544224594
935657.324377576 1916153.1646068098
935657.321032728 1916153.1747911605
935657.3176878798 1916153.184975511
935657.3143430317 1916153.1951598616
935657.3109981836 1916153.205344212
935657.3076533355 1916153.2155285627
935657.3043084873 1916153.225712913
935657.3009636392 1916153.2358972637
935657.2976187911 1916153.2460816142
935657.294273943 1916153.2562659648
935657.2909290949 1916153.2664503152
935657.2875842467 1916153.276634666
935657.2842393985 1916153.2868190163
935657.2808945505 1916153.297003367
935657.2775497023 1916153.3071877174
935657.2742048543 1916153.317372068
935657.2708600061 1916153.3275564185
935657.2675151579 1916153.3377407691
935657.2641703099 1916153.3479251196
935657.2608254617 1916153.3581094702
935657.2574806137 1916153.3682938206
935657.2541357655 1916153.3784781713
935657.2507909173 1916153.3886625217
935657.2474460693 1916153.3988468724
935657.2441012211 1916153.4090312228
935657.240756373 1916153.4192155735
935657.2374115249 1916153.429399924
935657.2340666768 1916153.4395842745
935657.2307218286 1916153.449768625
935657.2273769805 1916153.4599529756
935657.2240321324 1916153.470137326
935657.2206872843 1916153.4803216767
935657.2173424362 1916153.4905060271
935657.213997588 1916153.5006903778
935657.2106527399 1916153.5108747282
935657.2073078918 1916153.5210590789
935657.2039630436 1916153.5312434293
935657.2006181956 1916153.54142778
935657.1972733474 1916153.5516121304
935657.1939284992 1916153.561796481
935657.1905836512 1916153.5719808314
935657.187238803 1916153.582165182
935657.183893955 1916153.5923495325
935657.1805491068 1916153.6025338832
935657.1772042586 1916153.6127182336
935657.1738594106 1916153.6229025843
935657.1705145624 1916153.6330869347
935657.1671697143 1916153.6432712853
935657.1638248662 1916153.6534556358
935657.1604800181 1916153.6636399864
935657.15713517 1916153.673824337
935657.1537903218 1916153.6840086875
935657.1504454737 1916153.6941930382
935657.1471006256 1916153.7043773886
935657.1437557775 1916153.7145617392
935657.1404109293 1916153.7247460897
935657.1370660812 1916153.7349304403
935657.1337212331 1916153.7451147907
935657.130376385 1916153.7552991414
935657.1270315369 1916153.7654834918
935657.1236866887 1916153.7756678425
935657.1203418405 1916153.785852193
935657.1169969925 1916153.7960365436
935657.1136521443 1916153.806220894
935657.1103072963 1916153.8164052446
935657.1069624481 1916153.826589595
935657.1036175999 1916153.8367739457
935657.1002727519 1916153.8469582961
935657.0969279037 1916153.8571426468
935657.0935830557 1916153.8673269972
935657.0902382075 1916153.8775113479
935657.0868933594 1916153.8876956983
935657.0835485113 1916153.897880049
935657.0802036631 1916153.9080643994
935657.076858815 1916153.91824875
935657.0735139669 1916153.9284331005
935657.0701691188 1916153.9386174511
935657.0668242706 1916153.9488018015
935657.0634794225 1916153.9589861522
935657.0601345744 1916153.9691705026
935657.0567897263 1916153.9793548533
935657.0534448782 1916153.9895392037
935657.05010003 1916153.9997235544
935657.0467551819 1916154.0099079048
935657.0434103338 1916154.0200922554
935657.0400654856 1916154.0302766059
935657.0367206376 1916154.0404609565
935657.0333757894 1916154.050645307
935657.0300309412 1916154.0608296576
935657.0266860932 1916154.071014008
935657.023341245 1916154.0811983587
935657.019996397 1916154.091382709
935657.0166515488 1916154.1015670598
935657.0133067007 1916154.1117514102
935657.0099618526 1916154.1219357608
935657.0066170044 1916154.1321201113
935657.0032721563 1916154.142304462
935656.9999273082 1916154.1524888123
935656.9965824601 1916154.162673163
935656.993237612 1916154.1728575134
935656.9898927638 1916154.183041864
935656.9865479157 1916154.1932262145
935656.9832030676 1916154.2034105652
935656.9798582195 1916154.2135949156
935656.9765133713 1916154.2237792662
935656.9731685232 1916154.2339636167
935656.9698236751 1916154.2441479673
935656.966478827 1916154.2543323177
935656.9631339789 1916154.2645166684
935656.9597891307 1916154.2747010188
935656.9564442826 1916154.2848853695
935656.9530994345 1916154.29506972
935656.9497545863 1916154.3052540706
935656.9464097383 1916154.315438421
935656.9430648901 1916154.3256227716
935656.939720042 1916154.335807122
935656.9363751939 1916154.3459914727
935656.9330303457 1916154.3561758231
935656.9296854977 1916154.3663601738
935656.9263406495 1916154.3765445242
935656.9229958014 1916154.3867288749
935656.9196509533 1916154.3969132253
935656.9163061051 1916154.407097576
935656.912961257 1916154.4172819264
935656.9096164089 1916154.427466277
935656.9062715608 1916154.4376506275
935656.9029267126 1916154.447834978
935656.8995818645 1916154.4580193285
935656.8962370164 1916154.4682036792
935656.8928921683 1916154.4783880296
935656.8895473202 1916154.4885723803
935656.886202472 1916154.4987567307
935656.8828576239 1916154.5089410814
935656.8795127758 1916154.5191254318
935656.8761679276 1916154.5293097824
935656.8728230796 1916154.5394941329
935656.8694782314 1916154.5496784835
935656.8661333834 1916154.559862834
935656.8627885352 1916154.5700471846
935656.859443687 1916154.580231535
935656.856098839 1916154.5904158857
935656.8527539908 1916154.600600236
935656.8494091427 1916154.6107845868
935656.8460642946 1916154.6209689372
935656.8427194464 1916154.6311532878
935656.8393745983 1916154.6413376383
935656.8360297502 1916154.651521989
935656.8326849021 1916154.6617063393
935656.829340054 1916154.67189069