935656.555042073 1916130.66882573
935656.5589366165 1916130.706743714
935656.5628311599 1916130.7446616981
935656.5667257034 1916130.782579682
935656.5706202469 1916130.8204976663
935656.5745147904 1916130.8584156502
935656.5784093338 1916130.8963336344
935656.5823038773 1916130.9342516183
935656.5861984208 1916130.9721696023
935656.5900929642 1916131.0100875865
935656.5939875077 1916131.0480055704
935656.5978820513 1916131.0859235546
935656.6017765948 1916131.1238415386
935656.6056711382 1916131.1617595225
935656.6095656817 1916131.1996775067
935656.6134602252 1916131.2375954906
935656.6173547686 1916131.2755134748
935656.6212493121 1916131.3134314588
935656.6251438556 1916131.351349443
935656.6290383991 1916131.389267427
935656.6329329425 1916131.4271854109
935656.636827486 1916131.465103395
935656.6407220295 1916131.503021379
935656.6446165729 1916131.5409393632
935656.6485111164 1916131.5788573471
935656.6524056599 1916131.616775331
935656.6563002034 1916131.6546933153
935656.6601947468 1916131.6926112992
935656.6640892903 1916131.7305292834
935656.6679838338 1916131.7684472674
935656.6718783772 1916131.8063652515
935656.6757729207 1916131.8442832355
935656.6796674642 1916131.8822012194
935656.6835620077 1916131.9201192036
935656.6874565511 1916131.9580371876
935656.6913510946 1916131.9959551718
935656.6952456381 1916132.0338731557
935656.6991401815 1916132.0717911397
935656.703034725 1916132.1097091238
935656.7069292685 1916132.1476271078
935656.710823812 1916132.185545092
935656.7147183554 1916132.223463076
935656.718612899 1916132.2613810601
935656.7225074425 1916132.299299044
935656.7264019859 1916132.337217028
935656.7302965294 1916132.3751350122
935656.7341910729 1916132.4130529962
935656.7380856164 1916132.4509709803
935656.7419801598 1916132.4888889643
935656.7458747033 1916132.5268069482
935656.7497692468 1916132.5647249324
935656.7536637902 1916132.6026429164
935656.7575583337 1916132.6405609006
935656.7614528772 1916132.6784788845
935656.7653474207 1916132.7163968687
935656.7692419641 1916132.7543148526
935656.7731365076 1916132.7922328366
935656.7770310511 1916132.8301508208
935656.7809255945 1916132.8680688047
935656.784820138 1916132.905986789
935656.7887146815 1916132.9439047729
935656.792609225 1916132.9818227568
935656.7965037684 1916133.019740741
935656.8003983119 1916133.057658725
935656.8042928554 1916133.0955767091
935656.808187399 1916133.133494693
935656.8120819423 1916133.1714126773
935656.8159764858 1916133.2093306612
935656.8198710294 1916133.2472486452
935656.8237655727 1916133.2851666294
935656.8276601163 1916133.3230846133
935656.8315546598 1916133.3610025975
935656.8354492033 1916133.3989205814
935656.8393437467 1916133.4368385654
935656.8432382902 1916133.4747565496
935656.8471328337 1916133.5126745335
935656.8510273771 1916133.5505925177
935656.8549219206 1916133.5885105017
935656.8588164641 1916133.6264284858
935656.8627110076 1916133.6643464698
935656.866605551 1916133.7022644538
935656.8705000945 1916133.740182438
935656.874394638 1916133.778100422
935656.8782891814 1916133.816018406
935656.8821837249 1916133.85393639
935656.8860782684 1916133.891854374
935656.8899728119 1916133.9297723582
935656.8938673553 1916133.967690342
935656.8977618988 1916134.0056083263
935656.9016564423 1916134.0435263102
935656.9055509857 1916134.0814442944
935656.9094455292 1916134.1193622784
935656.9133400727 1916134.1572802623
935656.9172346162 1916134.1951982465
935656.9211291596 1916134.2331162305
935656.9250237031 1916134.2710342146
935656.9289182466 1916134.3089521986
935656.93281279 1916134.3468701825
935656.9367073335 1916134.3847881667
935656.940601877 1916134.4227061507
935656.9444964206 1916134.4606241349
935656.948390964 1916134.4985421188
935656.9522855075 1916134.536460103
935656.956180051 1916134.574378087
935656.9600745944 1916134.612296071
935656.9639691379 1916134.650214055
935656.9678636814 1916134.688132039
935656.9717582249 1916134.7260500232
935656.9756527683 1916134.7639680072
935656.9795473118 1916134.8018859911
935656.9834418553 1916134.8398039753
935656.9873363987 1916134.8777219593
935656.9912309422 1916134.9156399434
935656.9951254857 1916134.9535579274
935656.9990200292 1916134.9914759116
935657.0029145726 1916135.0293938955
935657.0068091161 1916135.0673118795
935657.0107036596 1916135.1052298637
935657.014598203 1916135.1431478476
935657.0184927465 1916135.1810658318
935657.02238729 1916135.2189838158
935657.0262818335 1916135.2569017997
935657.0301763769 1916135.294819784
935657.0340709204 1916135.3327377678
935657.0379654639 1916135.370655752
935657.0418600073 1916135.408573736
935657.0457545508 1916135.4464917202
935657.0496490943 1916135.484409704
935657.0535436379 1916135.522327688
935657.0574381812 1916135.5602456722
935657.0613327248 1916135.5981636562
935657.0652272683 1916135.6360816404
935657.0691218117 1916135.6739996243
935657.0730163552 1916135.7119176083
935657.0769108987 1916135.7498355925
935657.0808054422 1916135.7877535764
935657.0846999856 1916135.8256715606
935657.0885945291 1916135.8635895445
935657.0924890726 1916135.9015075287
935657.096383616 1916135.9394255127
935657.1002781595 1916135.9773434966
935657.104172703 1916136.0152614808
935657.1080672465 1916136.0531794648
935657.1119617899 1916136.091097449
935657.1158563334 1916136.129015433
935657.1197508769 1916136.1669334169
935657.1236454203 1916136.204851401
935657.1275399638 1916136.242769385
935657.1314345073 1916136.2806873692
935657.1353290508 1916136.3186053531
935657.1392235942 1916136.3565233373
935657.1431181377 1916136.3944413213
935657.1470126812 1916136.4323593052
935657.1509072246 1916136.4702772894
935657.1548017681 1916136.5081952733
935657.1586963116 1916136.5461132575
935657.1625908552 1916136.5840312415
935657.1664853985 1916136.6219492254
935657.170379942 1916136.6598672096
935657.1742744856 1916136.6977851936
935657.178169029 1916136.7357031778
935657.1820635725 1916136.7736211617
935657.185958116 1916136.811539146
935657.1898526595 1916136.8494571298
935657.1937472029 1916136.8873751138
935657.1976417464 1916136.925293098
935657.2015362899 1916136.963211082
935657.2054308333 1916137.001129066
935657.2093253768 1916137.03904705
935657.2132199203 1916137.076965034
935657.2171144638 1916137.1148830182
935657.2210090072 1916137.1528010021
935657.2249035507 1916137.1907189863
935657.2287980942 1916137.2286369703
935657.2326926376 1916137.2665549545
935657.2365871811 1916137.3044729384
935657.2404817246 1916137.3423909224
935657.2443762681 1916137.3803089065
935657.2482708115 1916137.4182268905
935657.252165355 1916137.4561448747
935657.2560598985 1916137.4940628586
935657.2599544419 1916137.5319808426
935657.2638489854 1916137.5698988268
935657.2677435289 1916137.6078168107
935657.2716380724 1916137.645734795
935657.2755326158 1916137.6836527789
935657.2794271593 1916137.721570763
935657.2833217029 1916137.759488747
935657.2872162464 1916137.797406731
935657.2911107898 1916137.8353247151
935657.2950053333 1916137.873242699
935657.2988998768 1916137.9111606833
935657.3027944202 1916137.9490786672
935657.3066889637 1916137.9869966512
935657.3105835072 1916138.0249146353
935657.3144780507 1916138.0628326193
935657.3183725941 1916138.1007506035
935657.3222671376 1916138.1386685874
935657.3261616811 1916138.1765865716
935657.3300562245 1916138.2145045556
935657.333950768 1916138.2524225395
935657.3378453115 1916138.2903405237
935657.341739855 1916138.3282585077
935657.3456343984 1916138.3661764918
935657.3495289419 1916138.4040944758
935657.3534234854 1916138.4420124597
935657.3573180288 1916138.479930444
935657.3612125723 1916138.5178484279
935657.3651071158 1916138.555766412
935657.3690016593 1916138.593684396
935657.3728962027 1916138.6316023802
935657.3767907462 1916138.6695203641
935657.3806852897 1916138.707438348
935657.3845798331 1916138.7453563323
935657.3884743766 1916138.7832743162
935657.3923689201 1916138.8211923004
935657.3962634637 1916138.8591102844
935657.400158007 1916138.8970282683
935657.4040525506 1916138.9349462525
935657.4079470941 1916138.9728642364
935657.4118416375 1916139.0107822206
935657.415736181 1916139.0487002046
935657.4196307245 1916139.0866181888
935657.423525268 1916139.1245361727
935657.4274198114 1916139.1624541567
935657.4313143549 1916139.2003721409
935657.4352088984 1916139.2382901248
935657.4391034418 1916139.276208109
935657.4429979853 1916139.314126093
935657.4468925288 1916139.352044077
935657.4507870723 1916139.389962061
935657.4546816157 1916139.427880045
935657.4585761592 1916139.4657980292
935657.4624707027 1916139.5037160132
935657.4663652461 1916139.5416339973
935657.4702597896 1916139.5795519813
935657.4741543331 1916139.6174699652
935657.4780488766 1916139.6553879494
935657.48194342 1916139.6933059334
935657.4858379635 1916139.7312239176
935657.489732507 1916139.7691419015
935657.4936270504 1916139.8070598855
935657.4975215939 1916139.8449778697
935657.5014161374 1916139.8828958536
935657.505310681 1916139.9208138378
935657.5092052243 1916139.9587318217
935657.5130997678 1916139.996649806
935657.5169943114 1916140.0345677899
935657.5208888547 1916140.0724857738
935657.5247833983 1916140.110403758
935657.5286779418 1916140.148321742
935657.5325724853 1916140.1862397261
935657.5364670287 1916140.22415771
935657.5403615722 1916140.262075694
935657.5442561157 1916140.2999936782
935657.5481506591 1916140.3379116622
935657.5520452026 1916140.3758296464
935657.5559397461 1916140.4137476303
935657.5598342896 1916140.4516656145
935657.563728833 1916140.4895835984
935657.5676233765 1916140.5275015824
935657.57151792 1916140.5654195666
935657.5754124634 1916140.6033375505
935657.5793070069 1916140.6412555347
935657.5832015504 1916140.6791735187
935657.5870960939 1916140.7170915026
935657.5909906373 1916140.7550094868
935657.5948851808 1916140.7929274708
935657.5987797243 1916140.830845455
935657.6026742677 1916140.868763439
935657.6065688112 1916140.906681423
935657.6104633547 1916140.944599407
935657.6143578982 1916140.982517391
935657.6182524416 1916141.0204353752
935657.6221469851 1916141.058353359
935657.6260415287 1916141.0962713433
935657.629936072 1916141.1341893272
935657.6338306156 1916141.1721073112
935657.6377251591 1916141.2100252954
935657.6416197026 1916141.2479432793
935657.645514246 1916141.2858612635
935657.6494087895 1916141.3237792475
935657.653303333 1916141.3616972317
935657.6571978764 1916141.3996152156
935657.6610924199 1916141.4375331996
935657.6649869634 1916141.4754511837
935657.6688815069 1916141.5133691677
935657.6727760503 1916141.5512871519
935657.6766705938 1916141.5892051358
935657.6805651373 1916141.6271231198
935657.6844596807 1916141.665041104
935657.6883542242 1916141.702959088
935657.6922487677 1916141.740877072
935657.6961433112 1916141.778795056
935657.7000378546 1916141.8167130402
935657.7039323981 1916141.8546310242
935657.7078269416 1916141.8925490081
935657.711721485 1916141.9304669923
935657.7156160285 1916141.9683849763
935657.719510572 1916142.0063029604
935657.7234051155 1916142.0442209444
935657.7272996589 1916142.0821389284
935657.7311942024 1916142.1200569125
935657.735088746 1916142.1579748965
935657.7389832893 1916142.1958928807
935657.7428778328 1916142.2338108646
935657.7467723764 1916142.2717288488
935657.7506669199 1916142.3096468328
935657.7545614633 1916142.3475648167
935657.7584560068 1916142.385482801
935657.7623505503 1916142.4234007848
935657.7662450937 1916142.461318769
935657.7701396372 1916142.499236753
935657.7740341807 1916142.537154737
935657.7779287242 1916142.575072721
935657.7818232676 1916142.612990705
935657.7857178111 1916142.6509086892
935657.7896123546 1916142.6888266732
935657.7935068981 1916142.7267446574
935657.7974014415 1916142.7646626413
935657.801295985 1916142.8025806253
935657.8051905285 1916142.8404986095
935657.8090850719 1916142.8784165934
935657.8129796154 1916142.9163345776
935657.8168741589 1916142.9542525616
935657.8207687024 1916142.9921705455
935657.8246632458 1916143.0300885297
935657.8285577893 1916143.0680065136
935657.8324523328 1916143.1059244978
935657.8363468762 1916143.1438424818
935657.8402414197 1916143.181760466
935657.8441359632 1916143.21967845
935657.8480305067 1916143.2575964339
935657.8519250501 1916143.295514418
935657.8558195936 1916143.333432402
935657.8597141372 1916143.3713503862
935657.8636086805 1916143.4092683701
935657.867503224 1916143.447186354
935657.8713977676 1916143.4851043383
935657.8752923111 1916143.5230223222
935657.8791868545 1916143.5609403064
935657.883081398 1916143.5988582904
935657.8869759415 1916143.6367762745
935657.8908704849 1916143.6746942585
935657.8947650284 1916143.7126122424
935657.8986595719 1916143.7505302266
935657.9025541154 1916143.7884482106
935657.9064486588 1916143.8263661948
935657.9103432023 1916143.8642841787
935657.9142377458 1916143.9022021627
935657.9181322892 1916143.9401201468
935657.9220268327 1916143.9780381308
935657.9259213762 1916144.015956115
935657.9298159197 1916144.053874099
935657.9337104631 1916144.091792083
935657.9376050066 1916144.129710067
935657.9414995501 1916144.167628051
935657.9453940935 1916144.2055460352
935657.949288637 1916144.2434640191
935657.9531831805 1916144.2813820033
935657.957077724 1916144.3192999873
935657.9609722674 1916144.3572179712
935657.964866811 1916144.3951359554
935657.9687613545 1916144.4330539394
935657.9726558978 1916144.4709719236
935657.9765504414 1916144.5088899075
935657.9804449849 1916144.5468078917
935657.9843395284 1916144.5847258756
935657.9882340718 1916144.6226438596
935657.9921286153 1916144.6605618438
935657.9960231588 1916144.6984798277
935657.9999177022 1916144.736397812
935658.0038122457 1916144.7743157959
935658.0077067892 1916144.8122337798
935658.0116013327 1916144.850151764
935658.0154958761 1916144.888069748
935658.0193904196 1916144.9259877321
935658.0232849631 1916144.963905716
935658.0271795065 1916145.0018237003
935658.03107405 1916145.0397416842
935658.0349685935 1916145.0776596682
935658.038863137 1916145.1155776524
935658.0427576804 1916145.1534956363
935658.0466522239 1916145.1914136205
935658.0505467674 1916145.2293316044
935658.0544413108 1916145.2672495884
935658.0583358543 1916145.3051675726
935658.0622303978 1916145.3430855565
935658.0661249413 1916145.3810035407
935658.0700194847 1916145.4189215247
935658.0739140282 1916145.4568395088
935658.0778085717 1916145.4947574928
935658.0817031151 1916145.5326754767
935658.0855976586 1916145.570593461
935658.0894922022 1916145.6085114449
935658.0933867457 1916145.646429429
935658.097281289 1916145.684347413
935658.1011758326 1916145.722265397
935658.1050703761 1916145.7601833811
935658.1089649195 1916145.798101365
935658.112859463 1916145.8360193493
935658.1167540065 1916145.8739373332
935658.12064855 1916145.9118553174
935658.1245430934 1916145.9497733014
935658.1284376369 1916145.9876912853
935658.1323321804 1916146.0256092695
935658.1362267238 1916146.0635272535
935658.1401212673 1916146.1014452376
935658.1440158108 1916146.1393632216
935658.1479103543 1916146.1772812055
935658.1518048977 1916146.2151991897
935658.1556994412 1916146.2531171737
935658.1595939847 1916146.2910351579
935658.1634885281 1916146.3289531418
935658.1673830716 1916146.366871126
935658.1712776151 1916146.40478911
935658.1751721586 1916146.442707094
935658.179066702 1916146.480625078
935658.1829612455 1916146.518543062
935658.186855789 1916146.5564610462
935658.1907503324 1916146.5943790302
935658.1946448759 1916146.6322970141
935658.1985394194 1916146.6702149983
935658.202433963 1916146.7081329823
935658.2063285063 1916146.7460509664
935658.2102230499 1916146.7839689504
935658.2141175934 1916146.8218869346
935658.2180121368 1916146.8598049185
935658.2219066803 1916146.8977229025
935658.2258012238 1916146.9356408867
935658.2296957673 1916146.9735588706
935658.2335903107 1916147.0114768548
935658.2374848542 1916147.0493948387
935658.2413793977 1916147.0873128227
935658.2452739411 1916147.1252308069
935658.2491684846 1916147.1631487908
935658.2530630281 1916147.201066775
935658.2569575716 1916147.238984759
935658.260852115 1916147.2769027431
935658.2647466585 1916147.314820727
935658.268641202 1916147.352738711
935658.2725357455 1916147.3906566952
935658.2764302889 1916147.4285746792
935658.2803248324 1916147.4664926634
935658.2842193759 1916147.5044106473
935658.2881139193 1916147.5423286313
935658.2920084628 1916147.5802466155
935658.2959030063 1916147.6181645994
935658.2997975498 1916147.6560825836
935658.3036920932 1916147.6940005675
935658.3075866367 1916147.7319185517
935658.3114811803 1916147.7698365357
935658.3153757236 1916147.8077545196
935658.3192702672 1916147.8456725038
935658.3231648107 1916147.8835904878
935658.3270593542 1916147.921508472
935658.3309538976 1916147.959426456
935658.3348484411 1916147.9973444398
935658.3387429846 1916148.035262424
935658.342637528 1916148.073180408
935658.3465320715 1916148.1110983922
935658.350426615 1916148.1490163761
935658.3543211585 1916148.1869343603
935658.3582157019 1916148.2248523443
935658.3621102454 1916148.2627703282
935658.3660047889 1916148.3006883124
935658.3698993323 1916148.3386062963
935658.3737938758 1916148.3765242805
935658.3776884193 1916148.4144422645
935658.3815829628 1916148.4523602484
935658.3854775062 1916148.4902782326
935658.3893720497 1916148.5281962166
935658.3932665932 1916148.5661142007
935658.3971611366 1916148.6040321847
935658.4010556801 1916148.6419501689
935658.4049502236 1916148.6798681528
935658.4088447671 1916148.7177861368
935658.4127393105 1916148.755704121
935658.416633854 1916148.793622105
935658.4205283975 1916148.831540089
935658.4244229409 1916148.869458073
935658.4283174844 1916148.907376057
935658.432212028 1916148.9452940412
935658.4361065715 1916148.9832120251
935658.4400011149 1916149.0211300093
935658.4438956584 1916149.0590479933
935658.4477902019 1916149.0969659775
935658.4516847453 1916149.1348839614
935658.4555792888 1916149.1728019454
935658.4594738323 1916149.2107199295
935658.4633683758 1916149.2486379135
935658.4672629192 1916149.2865558977
935658.4711574627 1916149.3244738816
935658.4750520062 1916149.3623918656
935658.4789465496 1916149.4003098498
935658.4828410931 1916149.4382278337
935658.4867356366 1916149.476145818
935658.4906301801 1916149.5140638018
935658.4945247235 1916149.551981786
935658.498419267 1916149.58989977