935644.714023078 1916131.14891636
935642.964421941 1916131.09418945
935641.219833883 1916131.03854232
935666.772142646 1916119.74615337
935666.787811896 1916118.00093143
935666.804480581 1916116.25572534
935666.819531917 1916114.54948178
935666.834583242 1916112.84323822
935646.665670387 1916343.27448207
935648.775008516 1916343.33891187
935650.85184155 1916343.43581636
935684.62680938 1916229.28104314
935684.594791687 1916231.42688441
935684.563884329 1916233.56574541
935684.539233968 1916235.2468445
935684.514773721 1916236.91595024
935566.223775898 1915954.25803067
935565.405151872 1915952.79949329
935564.533063433 1915951.24513727
935553.223249965 1915889.07769338
935555.011268585 1915888.15932374
935557.007899203 1915887.135294
935610.831334834 1916004.3251463
935609.323205067 1916005.11899137
935607.743496814 1916005.95068994
935591.283143988 1915962.52087447
935589.54620753 1915963.43305567
935587.738723728 1915964.38110732
935563.521863875 1915910.53647131
935561.742713399 1915911.46297899
935559.974493455 1915912.39365872
935600.947050815 1916239.50699653
935600.964023805 1916237.86876314
935600.980599403 1916236.19253499
935643.680974303 1916205.52296079
935645.354633434 1916205.57548456
935647.031465189 1916205.61706196
935648.864321348 1916205.65411486
935650.694195025 1916205.69012078
935652.434007718 1916205.73169689
935654.162794832 1916205.77509761
935655.918614516 1916205.81592778
935657.679415593 1916205.85783661
935658.064154562 1916205.86693477
935630.115301687 1916111.98724067
935630.084057206 1916113.89516602
935630.034185028 1916115.6538413
935645.040615124 1916100.4564112
935646.789469009 1916100.43215006
935648.542320685 1916100.40795229
935650.306118741 1916100.38692713
935652.070932098 1916100.36491837
935653.82663955 1916100.34976314
935655.521349154 1916100.33564036
935361.414616448 1915759.34682363
935359.775004721 1915759.35382402
935359.524064949 1915759.35484484
935357.637352817 1915759.37292387
935378.511861086 1915740.20874192
935378.678985004 1915742.84658871
935378.686253207 1915742.95567074
935378.860756201 1915745.69560346
935531.339766854 1915955.36855533
935532.821752106 1915954.58429277
935534.414642731 1915953.74080677
935613.348016699 1915929.12288773
935612.504278203 1915927.60896879
935611.676071382 1915926.12428726
935620.54684454 1915981.90800806
935621.377352363 1915983.43671291
935622.211778744 1915984.97047838
935651.550475654 1916157.66527455
935653.297395374 1916157.69996517
935655.072426325 1916157.72710385
935656.797421639 1916157.75744813
935658.562442314 1916157.78542782
935659.868527408 1916157.81812868
935599.540616438 1915975.70280584
935601.261561867 1915974.7903712
935603.082133628 1915973.83652885
935603.543967043 1915973.58592803
935605.02423897 1915972.78364366
935579.115236389 1915923.96264666
935577.418928834 1915924.89746538
935576.975180571 1915925.14235474
935575.213544702 1915926.09913091
935573.439804598 1915927.06271307
935631.181544553 1915937.38815387
935632.709392473 1915936.54863494
935634.242285152 1915935.70619688
935618.726596278 1915906.72097474
935620.252571897 1915905.87342845
935621.775533346 1915905.02683406
