935650.877174 1916098.4589 9
935650.877174 1916098.4589 9
935650.877174 1916098.4589 9
935650.877174 1916098.4589 9
935650.877174 1916098.4589 9
935650.877259 1916098.46999 9
935650.877259 1916098.46999 9
935650.877259 1916098.46999 9
935650.877259 1916098.46999 9
935650.877259 1916098.46999 9
935650.877174 1916098.4589 9
935650.877174 1916098.4589 9
935650.877259 1916098.46999 9
935650.877259 1916098.46999 9
935650.877259 1916098.46999 9
935650.886128 1916098.46993 9
935650.877259 1916098.46999 9
935650.877259 1916098.46999 9
935650.877259 1916098.46999 9
935650.877259 1916098.46999 9
935650.877259 1916098.46999 9
935650.877259 1916098.46999 9
935650.877259 1916098.46999 9
935650.886128 1916098.46993 9
935650.886128 1916098.46993 9
935650.886128 1916098.46993 9
935650.877259 1916098.46999 9
935650.886128 1916098.46993 9
935650.877259 1916098.46999 9
935650.886128 1916098.46993 9
935650.877259 1916098.46999 9
935650.877259 1916098.46999 9
935650.877259 1916098.46999 9
935650.877259 1916098.46999 9
935650.886128 1916098.46993 9
935650.877259 1916098.46999 9
935650.877259 1916098.46999 9
935650.886128 1916098.46993 9
935650.877259 1916098.46999 9
935650.877259 1916098.46999 9
935650.877174 1916098.4589 9
935650.877174 1916098.4589 9
935650.886043 1916098.45883 9
935650.886128 1916098.46993 9
935650.886128 1916098.46993 9
935650.886128 1916098.46993 9
935650.886043 1916098.45883 9
935650.886128 1916098.46993 9
935650.886128 1916098.46993 9
935650.877259 1916098.46999 9
935650.886298 1916098.49211 9
935650.886383 1916098.50321 9
935650.877854 1916098.54765 9
935650.878109 1916098.58094 9
935650.878534 1916098.63641 9
935650.878959 1916098.69188 9
935650.879469 1916098.75844 9
935650.87111 1916098.82507 9
935650.871705 1916098.90273 9
935650.872385 1916098.99148 9
935650.881935 1916099.08017 9
935650.8827 1916099.18001 9
935650.89225 1916099.2687 9
935650.8931 1916099.37964 9
935650.90265 1916099.46832 9
935650.903585 1916099.59035 9
935650.922259 1916099.71225 9
935650.931894 1916099.81203 9
935650.941784 1916099.94509 9
935650.960458 1916100.06699 9
935650.988002 1916100.18882 9
935651.006761 1916100.32181 9
935651.03439 1916100.45474 9
935651.053065 1916100.57663 9
935651.080609 1916100.69847 9
935651.126062 1916100.84235 9
935651.153691 1916100.97527 9
935651.190359 1916101.13032 9
935651.226773 1916101.25208 9
935651.263441 1916101.40712 9
935651.308979 1916101.5621 9
935651.354432 1916101.70598 9
935651.400056 1916101.87205 9
935651.445679 1916102.03812 9
935651.500257 1916102.21522 9
935651.572573 1916102.39218 9
935651.618197 1916102.55825 9
935651.672689 1916102.72425 9
935651.727267 1916102.90135 9
935651.77306 1916103.08961 9
935651.836422 1916103.25554 9
935651.882131 1916103.43271 9
935651.936793 1916103.6209 9
935651.991541 1916103.82018 9
935652.037589 1916104.04172 9
935652.127475 1916104.19636 9
935652.182053 1916104.37345 9
935652.183328 1916104.53987 9
935652.264685 1916104.73895 9
935652.283529 1916104.88303 9
935652.355931 1916105.07109 9
935652.428588 1916105.29242 9
935652.430288 1916105.5143 9
935652.493395 1916105.64696 9
935652.530404 1916105.84638 9
935652.558458 1916106.03477 9
935652.612951 1916106.20077 9
935652.641175 1916106.41136 9
935652.695667 1916106.57736 9
935652.732676 1916106.77678 9
935652.769514 1916106.95401 9
935652.815392 1916107.15336 9
935652.87884 1916107.33039 9
935652.906894 1916107.51879 9
935652.943817 1916107.70711 9
935652.99848 1916107.8953 9
935653.026534 1916108.0837 9
935653.098766 1916108.24956 9
935653.12682 1916108.43796 9
935653.181482 1916108.62615 9
935653.24493 1916108.80318 9
935653.281938 1916109.0026 9
935653.345385 1916109.17963 9
935653.391093 1916109.35679 9
935653.445756 1916109.54498 9
935653.500419 1916109.73317 9
935653.546127 1916109.91034 9
935653.600874 1916110.10962 9
935653.655367 1916110.27562 9
935653.709945 1916110.45272 9
935653.764522 1916110.62982 9
935653.810315 1916110.81807 9
935653.847154 1916110.99531 9
935653.910601 1916111.17234 9
935653.956394 1916111.36059 9
935654.011057 1916111.54878 9
935654.06572 1916111.73698 9
935654.120297 1916111.91407 9
935654.17496 1916112.10226 9
935654.229622 1916112.29045 9
935654.293155 1916112.47858 9
935654.338863 1916112.65574 9
935654.393525 1916112.84393 9
935654.457057 1916113.03205 9
935654.511635 1916113.20915 9
935654.575167 1916113.39727 9
935654.629745 1916113.57437 9
935654.684322 1916113.75146 9
935654.73003 1916113.92863 9
935654.766954 1916114.11696 9
935654.821617 1916114.30515 9
935654.867325 1916114.48231 9
935654.913203 1916114.68166 9
935654.958996 1916114.86992 9
935654.996004 1916115.06934 9
935655.050752 1916115.26863 9
935655.087675 1916115.45695 9
935655.142508 1916115.66733 9
935655.188386 1916115.86668 9
935655.234349 1916116.07713 9
935655.315705 1916116.27621 9
935655.352714 1916116.47563 9
935655.407461 1916116.67492 9
935655.462209 1916116.8742 9
935655.508087 1916117.07355 9
935655.562835 1916117.27284 9
935655.617667 1916117.48322 9
935655.66363 1916117.69366 9
935655.718463 1916117.90404 9
935655.764426 1916118.11449 9
935655.810474 1916118.33603 9
935655.874176 1916118.54634 9
935655.920139 1916118.75679 9
935655.974972 1916118.96716 9
935656.02102 1916119.1887 9
935656.058113 1916119.39922 9
935656.113031 1916119.62069 9
935656.167948 1916119.84216 9
935656.223036 1916120.08583 9
935656.260214 1916120.30743 9
935656.315217 1916120.54 9
935656.36135 1916120.77263 9
935656.398783 1916121.02753 9
935656.435962 1916121.24913 9
935656.48218 1916121.49286 9
935656.528398 1916121.73659 9
935656.574446 1916121.95813 9
935656.647358 1916122.21275 9
935656.684706 1916122.45655 9
935656.721885 1916122.67816 9
935656.777057 1916122.93291 9
935656.840844 1916123.15431 9
935656.913926 1916123.43112 9
935656.906757 1916123.65307 9
935656.970629 1916123.88557 9
935656.999108 1916124.12943 9
935657.036286 1916124.35104 9
935657.056065 1916124.61716 9
935657.110983 1916124.83863 9
935657.121808 1916125.09373 9
935657.158901 1916125.30424 10
935657.178511 1916125.54818 10
935657.233428 1916125.76965 10
935657.252952 1916126.00249 10
935657.281261 1916126.22416 10
935657.318525 1916126.45687 10
935657.355788 1916126.68957 10
935657.392882 1916126.90008 10
935657.412406 1916127.13292 10
935657.449584 1916127.35453 10
935657.486763 1916127.57614 10
935657.497417 1916127.80904 10
935657.534426 1916128.00847 10
935657.562905 1916128.25233 10
935657.591044 1916128.45182 10
935657.619352 1916128.67349 10
935657.638707 1916128.88415 10
935657.667016 1916129.10582 10
935657.704109 1916129.31634 10
935657.714679 1916129.53815 10
935657.742818 1916129.73764 10
935657.770956 1916129.93713 10
935657.799265 1916130.1588 10
935657.827404 1916130.35829 10
935657.837804 1916130.55791 10
935657.857073 1916130.75747 10
935657.894081 1916130.95689 10
935657.895527 1916131.14549 10
935657.93262 1916131.356 10
935657.942765 1916131.52235 10
935657.962119 1916131.733 10
935657.990088 1916131.9103 10
935657.982578 1916132.08787 10
935658.010632 1916132.27626 10
935658.020777 1916132.44261 10
935658.031177 1916132.64223 10
935658.058975 1916132.79734 10
935658.069375 1916132.99697 10
935658.088389 1916133.16324 10
935658.089835 1916133.35184 10
935658.109019 1916133.5403 10
935658.119249 1916133.71774 10
935658.138348 1916133.89511 10
935658.148663 1916134.08364 10
935658.158977 1916134.27217 10
935658.178077 1916134.44954 10
935658.188476 1916134.64916 10
935658.207661 1916134.83762 10
935658.21789 1916135.01506 10
935658.228205 1916135.20359 10
935658.247304 1916135.38096 10
935658.248749 1916135.56956 10
935658.276633 1916135.73576 10
935658.278163 1916135.93546 10
935658.288393 1916136.11289 10
935658.307577 1916136.30135 10
935658.309022 1916136.48995 10
935658.319252 1916136.66739 10
935658.329652 1916136.86701 10
935658.348666 1916137.03329 10
935658.359066 1916137.23291 10
935658.378165 1916137.41028 10
935658.38848 1916137.59881 10
935658.398795 1916137.78734 10
935658.417894 1916137.96471 10
935658.437078 1916138.15317 10
935658.456262 1916138.34163 10
935658.475447 1916138.5301 10
935658.494546 1916138.70747 10
935658.504945 1916138.90709 10
935658.541699 1916139.07323 10
935658.561053 1916139.28388 10
935658.588937 1916139.45008 10
935658.617076 1916139.64957 10
935658.636175 1916139.82694 10
935658.673183 1916140.02636 10
935658.701237 1916140.21476 10
935658.729291 1916140.40315 10
935658.757344 1916140.59155 10
935658.785398 1916140.77994 10
935658.804667 1916140.9795 10
935658.832636 1916141.1568 10
935658.851905 1916141.35635 10
935658.87109 1916141.54482 10
935658.890359 1916141.74437 10
935658.900674 1916141.9329 10
935658.920028 1916142.14355 10
935658.939127 1916142.32092 10
935658.949612 1916142.53164 10
935658.968796 1916142.7201 10
935658.98815 1916142.93075 10
935659.007249 1916143.10812 10
935659.017734 1916143.31884 10
935659.036918 1916143.5073 10
935659.047318 1916143.70693 10
935659.066587 1916143.90648 10
935659.076902 1916144.09501 10
935659.096171 1916144.29457 10
935659.115355 1916144.48303 10
935659.116801 1916144.67163 10
935659.13607 1916144.87119 10
935659.155339 1916145.07074 10
935659.165654 1916145.25927 10
935659.184923 1916145.45883 10
935659.195493 1916145.68064 10
935659.214677 1916145.8691 10
935659.233946 1916146.06866 10
935659.253215 1916146.26822 10
935659.281439 1916146.4788 10
935659.300708 1916146.67836 10
935659.328847 1916146.87784 10
935659.339417 1916147.09966 10
935659.376425 1916147.29908 10
935659.395779 1916147.50973 10
935659.432788 1916147.70915 10
935659.452142 1916147.9198 10
935659.48915 1916148.11922 10
935659.508504 1916148.32987 10
935659.545513 1916148.52929 10
935659.556082 1916148.7511 10
935659.593091 1916148.95052 10
935659.594791 1916149.1724 10
935659.614145 1916149.38305 10
935659.62463 1916149.59377 10
935659.635114 1916149.80449 10
935659.636729 1916150.01528 10
935659.629475 1916150.22613 10
935659.63109 1916150.43692 10
935659.64166 1916150.65873 10
935659.643275 1916150.86952 10
935659.644975 1916151.0914 10
935659.646676 1916151.31328 10
935659.630552 1916151.5242 10
935659.623297 1916151.73505 10
935659.616043 1916151.94591 10
935659.59105 1916152.1569 10
935659.574841 1916152.35673 10
935659.541063 1916152.57888 10
935659.524939 1916152.7898 10
935659.50873 1916152.98963 10
935659.483737 1916153.20062 10
935659.467528 1916153.40045 10
935659.42471 1916153.60048 10
935659.408502 1916153.80031 10
935659.374469 1916153.98918 10
935659.340436 1916154.17805 10
935659.306403 1916154.36692 10
935659.2635 1916154.55586 10
935659.211729 1916154.74486 10
935659.160042 1916154.94496 10
935659.1081 1916155.11178 10
935659.056413 1916155.31188 10
935659.004556 1916155.48979 10
935658.943829 1916155.66777 10
935658.874233 1916155.84582 10
935658.813592 1916156.0349 10
935658.752866 1916156.21288 10
935658.683355 1916156.40202 10
935658.622628 1916156.58 10
935658.544248 1916156.76921 10
935658.501175 1916156.93596 10
935658.431664 1916157.1251 10
935658.379722 1916157.29192 10
935658.310127 1916157.46997 10
935658.258355 1916157.65897 11
935658.206583 1916157.84798 11
935658.154811 1916158.03698 11
935658.085215 1916158.21503 11
935658.033613 1916158.42623 11
935657.981841 1916158.61523 11
935657.9212 1916158.80431 11
935657.878297 1916158.99325 11
935657.826781 1916159.21553 11
935657.792663 1916159.39331 11
935657.732191 1916159.60457 11
935657.680505 1916159.80467 11
935657.646472 1916159.99354 11
935657.603654 1916160.19357 11
935657.560837 1916160.39361 11
935657.51785 1916160.57145 11
935657.475202 1916160.79367 11
935657.4323 1916160.98261 11
935657.398352 1916161.18257 11
935657.364404 1916161.38254 11
935657.330457 1916161.5825 11
935657.305463 1916161.79349 11
935657.271431 1916161.98236 11
935657.246352 1916162.18226 11
935657.221359 1916162.39325 11
935657.20515 1916162.59308 11
935657.180157 1916162.80407 11
935657.163948 1916163.0039 11
935657.139125 1916163.23707 11
935657.122916 1916163.4369 11
935657.115662 1916163.64776 11
935657.099623 1916163.86977 11
935657.092369 1916164.08063 11
935657.0852 1916164.30258 11
935657.07803 1916164.52452 11
935657.070776 1916164.73538 11
935657.072646 1916164.97945 11
935657.065477 1916165.20139 11
935657.067262 1916165.43437 11
935657.060263 1916165.67851 11
935657.053094 1916165.90045 11
935657.03714 1916166.13356 11
935657.021101 1916166.35558 11
935657.005233 1916166.59979 11
935656.989194 1916166.8218 11
935656.964371 1916167.05498 11
935656.948502 1916167.29918 11
935656.914809 1916167.53243 11
935656.898855 1916167.76554 11
935656.874032 1916167.99872 11
935656.840425 1916168.24306 11
935656.83334 1916168.4761 11
935656.799648 1916168.70935 11
935656.792648 1916168.95348 11
935656.76774 1916169.17557 11
935656.751956 1916169.43087 11
