935650.735476 1916121.63675
935650.7491512365 1916121.6490961523
935650.762826473 1916121.6614423047
935650.7765017095 1916121.673788457
935650.7901769459 1916121.6861346094
935650.8038521823 1916121.6984807616
935650.8175274188 1916121.7108269138
935650.8312026553 1916121.7231730663
935650.8448778918 1916121.7355192185
935650.8585531283 1916121.7478653707
935650.8722283647 1916121.7602115232
935650.8859036012 1916121.7725576754
935650.8995788377 1916121.7849038278
935650.9132540742 1916121.79724998
935650.9269293107 1916121.8095961323
935650.9406045472 1916121.8219422847
935650.9542797835 1916121.834288437
935650.96795502 1916121.8466345891
935650.9816302565 1916121.8589807416
935650.995305493 1916121.8713268938
935651.0089807295 1916121.8836730462
935651.022655966 1916121.8960191985
935651.0363312024 1916121.9083653507
935651.0500064389 1916121.9207115031
935651.0636816754 1916121.9330576553
935651.0773569118 1916121.9454038076
935651.0910321483 1916121.95774996
935651.1047073848 1916121.9700961122
935651.1183826212 1916121.9824422647
935651.1320578577 1916121.994788417
935651.1457330942 1916122.007134569
935651.1594083307 1916122.0194807216
935651.1730835672 1916122.0318268738
935651.1867588037 1916122.044173026
935651.20043404 1916122.0565191784
935651.2141092765 1916122.0688653307
935651.227784513 1916122.081211483
935651.2414597495 1916122.0935576353
935651.255134986 1916122.1059037875
935651.2688102225 1916122.11824994
935651.2824854589 1916122.1305960922
935651.2961606954 1916122.1429422447
935651.3098359319 1916122.1552883969
935651.3235111684 1916122.167634549
935651.3371864049 1916122.1799807015
935651.3508616413 1916122.1923268538
935651.3645368777 1916122.204673006
935651.3782121142 1916122.2170191584
935651.3918873507 1916122.2293653106
935651.4055625872 1916122.241711463
935651.4192378237 1916122.2540576153
935651.4329130602 1916122.2664037675
935651.4465882966 1916122.27874992
935651.460263533 1916122.2910960722
935651.4739387695 1916122.3034422244
935651.487614006 1916122.3157883768
935651.5012892425 1916122.328134529
935651.514964479 1916122.3404806815
935651.5286397154 1916122.3528268337
935651.5423149519 1916122.365172986
935651.5559901884 1916122.3775191384
935651.5696654249 1916122.3898652906
935651.5833406614 1916122.4022114428
935651.5970158979 1916122.4145575953
935651.6106911342 1916122.4269037475
935651.6243663707 1916122.4392499
935651.6380416072 1916122.4515960522
935651.6517168437 1916122.4639422044
935651.6653920802 1916122.4762883568
935651.6790673167 1916122.488634509
935651.6927425531 1916122.5009806615
935651.7064177896 1916122.5133268137
935651.7200930261 1916122.525672966
935651.7337682626 1916122.5380191184
935651.747443499 1916122.5503652706
935651.7611187355 1916122.5627114228
935651.7747939719 1916122.5750575752
935651.7884692084 1916122.5874037275
935651.8021444449 1916122.59974988
935651.8158196814 1916122.6120960321
935651.8294949179 1916122.6244421843
935651.8431701544 1916122.6367883368
935651.8568453908 1916122.649134489
935651.8705206272 1916122.6614806412
935651.8841958637 1916122.6738267937
935651.8978711002 1916122.686172946
935651.9115463367 1916122.6985190983
935651.9252215732 1916122.7108652506
935651.9388968096 1916122.7232114028
935651.9525720461 1916122.7355575552
935651.9662472826 1916122.7479037074
935651.9799225191 1916122.7602498597
935651.9935977556 1916122.772596012
935652.007272992 1916122.7849421643
935652.0209482284 1916122.7972883168
935652.0346234649 1916122.809634469
935652.0482987014 1916122.8219806212
935652.0619739379 1916122.8343267736
935652.0756491744 1916122.8466729259
935652.0893244109 1916122.859019078
935652.1029996473 1916122.8713652305
935652.1166748838 1916122.8837113827
935652.1303501202 1916122.8960575352
935652.1440253567 1916122.9084036874
935652.1577005932 1916122.9207498396
935652.1713758297 1916122.933095992
935652.1850510661 1916122.9454421443
935652.1987263026 1916122.9577882967
935652.2124015391 1916122.970134449
935652.2260767756 1916122.9824806012
935652.2397520121 1916122.9948267536
935652.2534272486 1916123.0071729058
935652.2671024849 1916123.019519058
935652.2807777214 1916123.0318652105
935652.2944529579 1916123.0442113627
935652.3081281944 1916123.0565575152
935652.3218034309 1916123.0689036674
935652.3354786674 1916123.0812498196
935652.3491539038 1916123.093595972
935652.3628291403 1916123.1059421243
935652.3765043768 1916123.1182882765
935652.3901796133 1916123.130634429
935652.4038548497 1916123.1429805811
935652.4175300862 1916123.1553267336
935652.4312053226 1916123.1676728858
935652.4448805591 1916123.180019038
935652.4585557956 1916123.1923651905
935652.4722310321 1916123.2047113427
935652.4859062686 1916123.217057495
935652.4995815051 1916123.2294036474
935652.5132567415 1916123.2417497996
935652.526931978 1916123.254095952
935652.5406072144 1916123.2664421042
935652.5542824509 1916123.2787882565
935652.5679576874 1916123.291134409
935652.5816329239 1916123.3034805611
935652.5953081603 1916123.3158267136
935652.6089833968 1916123.3281728658
935652.6226586333 1916123.340519018
935652.6363338698 1916123.3528651705
935652.6500091063 1916123.3652113227
935652.6636843428 1916123.377557475
935652.6773595791 1916123.3899036273
935652.6910348156 1916123.4022497796
935652.7047100521 1916123.414595932
935652.7183852886 1916123.4269420842
935652.7320605251 1916123.4392882364
935652.7457357616 1916123.4516343889
935652.759410998 1916123.463980541
935652.7730862345 1916123.4763266933
935652.786761471 1916123.4886728458
935652.8004367074 1916123.501018998
935652.8141119439 1916123.5133651504
935652.8277871804 1916123.5257113026
935652.8414624168 1916123.5380574549
935652.8551376533 1916123.5504036073
935652.8688128898 1916123.5627497595
935652.8824881263 1916123.5750959117
935652.8961633628 1916123.5874420642
935652.9098385993 1916123.5997882164
935652.9235138356 1916123.6121343689
935652.9371890721 1916123.624480521
935652.9508643086 1916123.6368266733
935652.9645395451 1916123.6491728257
935652.9782147816 1916123.661518978
935652.9918900181 1916123.6738651302
935653.0055652545 1916123.6862112826
935653.019240491 1916123.6985574348
935653.0329157275 1916123.7109035873
935653.046590964 1916123.7232497395
935653.0602662005 1916123.7355958917
935653.073941437 1916123.7479420442
935653.0876166733 1916123.7602881964
935653.1012919098 1916123.7726343488
935653.1149671463 1916123.784980501
935653.1286423828 1916123.7973266533
935653.1423176193 1916123.8096728057
935653.1559928558 1916123.822018958
935653.1696680922 1916123.8343651101
935653.1833433287 1916123.8467112626
935653.1970185651 1916123.8590574148
935653.2106938016 1916123.8714035673
935653.2243690381 1916123.8837497195
935653.2380442746 1916123.8960958717
935653.251719511 1916123.9084420241
935653.2653947475 1916123.9207881764
935653.279069984 1916123.9331343286
935653.2927452205 1916123.945480481
935653.306420457 1916123.9578266332
935653.3200956935 1916123.9701727857
935653.3337709298 1916123.982518938
935653.3474461663 1916123.9948650901
935653.3611214028 1916124.0072112426
935653.3747966393 1916124.0195573948
935653.3884718758 1916124.031903547
935653.4021471123 1916124.0442496995
935653.4158223487 1916124.0565958517
935653.4294975852 1916124.068942004
935653.4431728217 1916124.0812881563
935653.4568480582 1916124.0936343085
935653.4705232946 1916124.105980461
935653.4841985311 1916124.1183266132
935653.4978737675 1916124.1306727657
935653.511549004 1916124.1430189179
935653.5252242405 1916124.15536507
935653.538899477 1916124.1677112225
935653.5525747135 1916124.1800573748
935653.56624995 1916124.192403527
935653.5799251864 1916124.2047496794
935653.5936004228 1916124.2170958316
935653.6072756593 1916124.229441984
935653.6209508958 1916124.2417881363
935653.6346261323 1916124.2541342885
935653.6483013688 1916124.266480441
935653.6619766052 1916124.2788265932
935653.6756518417 1916124.2911727454
935653.6893270782 1916124.3035188979
935653.7030023147 1916124.31586505
935653.7166775512 1916124.3282112025
935653.7303527877 1916124.3405573547
935653.744028024 1916124.352903507
935653.7577032605 1916124.3652496594
935653.771378497 1916124.3775958116
935653.7850537335 1916124.3899419638
935653.79872897 1916124.4022881163
935653.8124042065 1916124.4146342685
935653.8260794429 1916124.426980421
935653.8397546794 1916124.4393265732
935653.8534299158 1916124.4516727254
935653.8671051523 1916124.4640188778
935653.8807803888 1916124.47636503
935653.8944556253 1916124.4887111823
935653.9081308617 1916124.5010573347
935653.9218060982 1916124.513403487
935653.9354813347 1916124.5257496394
935653.9491565712 1916124.5380957916
935653.9628318077 1916124.5504419438
935653.9765070442 1916124.5627880963
935653.9901822805 1916124.5751342485
935654.003857517 1916124.587480401
935654.0175327535 1916124.5998265531
935654.03120799 1916124.6121727054
935654.0448832265 1916124.6245188578
935654.058558463 1916124.63686501
935654.0722336994 1916124.6492111622
935654.0859089359 1916124.6615573147
935654.0995841724 1916124.673903467
935654.1132594089 1916124.6862496193
935654.1269346453 1916124.6985957716
935654.1406098818 1916124.7109419238
935654.1542851182 1916124.7232880762
935654.1679603547 1916124.7356342284
935654.1816355912 1916124.7479803807
935654.1953108277 1916124.760326533
935654.2089860642 1916124.7726726853
935654.2226613007 1916124.7850188378
935654.236336537 1916124.79736499
935654.2500117735 1916124.8097111422
935654.26368701 1916124.8220572947
935654.2773622465 1916124.8344034469
935654.291037483 1916124.846749599
935654.3047127195 1916124.8590957515
935654.3183879559 1916124.8714419038
935654.3320631924 1916124.8837880562
935654.3457384289 1916124.8961342084
935654.3594136654 1916124.9084803606
935654.3730889019 1916124.920826513
935654.3867641384 1916124.9331726653
935654.4004393747 1916124.9455188178
935654.4141146112 1916124.95786497
935654.4277898477 1916124.9702111222
935654.4414650842 1916124.9825572746
935654.4551403207 1916124.9949034269
935654.4688155572 1916125.007249579
935654.4824907936 1916125.0195957315
935654.4961660301 1916125.0319418837
935654.5098412666 1916125.0442880362
935654.523516503 1916125.0566341884
935654.5371917395 1916125.0689803406
935654.550866976 1916125.081326493
935654.5645422124 1916125.0936726453
935654.5782174489 1916125.1060187975
935654.5918926854 1916125.11836495
935654.6055679219 1916125.1307111022
935654.6192431584 1916125.1430572546
935654.6329183949 1916125.1554034068
935654.6465936312 1916125.167749559
935654.6602688677 1916125.1800957115
935654.6739441042 1916125.1924418637
935654.6876193407 1916125.204788016
935654.7012945772 1916125.2171341684
935654.7149698137 1916125.2294803206
935654.7286450501 1916125.241826473
935654.7423202866 1916125.2541726253
935654.7559955231 1916125.2665187775
935654.7696707596 1916125.27886493
935654.783345996 1916125.2912110821
935654.7970212325 1916125.3035572344
935654.8106964689 1916125.3159033868
935654.8243717054 1916125.328249539
935654.8380469419 1916125.3405956915
935654.8517221784 1916125.3529418437
935654.8653974149 1916125.365287996
935654.8790726514 1916125.3776341483
935654.8927478878 1916125.3899803006
935654.9064231243 1916125.402326453
935654.9200983607 1916125.4146726052
935654.9337735972 1916125.4270187574
935654.9474488337 1916125.43936491
935654.9611240702 1916125.451711062
935654.9747993066 1916125.4640572143
935654.9884745431 1916125.4764033668
935655.0021497796 1916125.488749519
935655.0158250161 1916125.5010956714
935655.0295002526 1916125.5134418237
935655.0431754891 1916125.5257879759
935655.0568507254 1916125.5381341283
935655.0705259619 1916125.5504802805
935655.0842011984 1916125.5628264328
935655.0978764349 1916125.5751725852
935655.1115516714 1916125.5875187374
935655.1252269079 1916125.5998648899
935655.1389021443 1916125.612211042
935655.1525773808 1916125.6245571943
935655.1662526173 1916125.6369033467
935655.1799278538 1916125.649249499
935655.1936030902 1916125.6615956512
935655.2072783267 1916125.6739418036
935655.2209535631 1916125.6862879558
935655.2346287996 1916125.6986341083
935655.2483040361 1916125.7109802605
935655.2619792726 1916125.7233264127
935655.2756545091 1916125.7356725652
935655.2893297456 1916125.7480187174
935655.303004982 1916125.7603648698
935655.3166802184 1916125.772711022
935655.3303554549 1916125.7850571743
935655.3440306914 1916125.7974033267
935655.3577059279 1916125.809749479
935655.3713811644 1916125.8220956312
935655.3850564008 1916125.8344417836
935655.3987316373 1916125.8467879358
935655.4124068738 1916125.8591340883
935655.4260821103 1916125.8714802405
935655.4397573468 1916125.8838263927
935655.4534325833 1916125.8961725452
935655.4671078196 1916125.9085186974
935655.4807830561 1916125.9208648496
935655.4944582926 1916125.933211002
935655.5081335291 1916125.9455571542
935655.5218087656 1916125.9579033067
935655.5354840021 1916125.970249459
935655.5491592385 1916125.9825956111
935655.562834475 1916125.9949417636
935655.5765097114 1916126.0072879158
935655.5901849479 1916126.019634068
935655.6038601844 1916126.0319802205
935655.6175354209 1916126.0443263727
935655.6312106573 1916126.0566725251
935655.6448858938 1916126.0690186773
935655.6585611303 1916126.0813648296
935655.6722363668 1916126.093710982
935655.6859116033 1916126.1060571342
935655.6995868398 1916126.1184032864
935655.7132620761 1916126.130749439
935655.7269373126 1916126.143095591
935655.7406125491 1916126.1554417436
935655.7542877856 1916126.1677878958
935655.7679630221 1916126.180134048
935655.7816382586 1916126.1924802004
935655.795313495 1916126.2048263527
935655.8089887315 1916126.217172505
935655.822663968 1916126.2295186573
935655.8363392045 1916126.2418648095
935655.850014441 1916126.254210962
935655.8636896774 1916126.2665571142
935655.8773649138 1916126.2789032664
935655.8910401503 1916126.2912494189
935655.9047153868 1916126.303595571
935655.9183906233 1916126.3159417235
935655.9320658598 1916126.3282878757
935655.9457410963 1916126.340634028
935655.9594163327 1916126.3529801804
935655.9730915691 1916126.3653263326
935655.9867668056 1916126.3776724848
935656.0004420421 1916126.3900186373
935656.0141172786 1916126.4023647895
935656.0277925151 1916126.414710942
935656.0414677515 1916126.4270570942
935656.055142988 1916126.4394032464
935656.0688182245 1916126.4517493988
935656.082493461 1916126.464095551
935656.0961686975 1916126.4764417033
935656.109843934 1916126.4887878557
935656.1235191703 1916126.501134008
935656.1371944068 1916126.5134801604
935656.1508696433 1916126.5258263126
935656.1645448798 1916126.5381724648
935656.1782201163 1916126.5505186173
935656.1918953528 1916126.5628647695
935656.2055705892 1916126.575210922
935656.2192458257 1916126.5875570741
935656.2329210622 1916126.5999032264
935656.2465962986 1916126.6122493788
935656.2602715351 1916126.624595531
935656.2739467716 1916126.6369416832
935656.287622008 1916126.6492878357
935656.3012972445 1916126.661633988
935656.314972481 1916126.6739801404
935656.3286477175 1916126.6863262926
935656.342322954 1916126.6986724448
935656.3559981905 1916126.7110185972
935656.3696734268 1916126.7233647495
935656.3833486633 1916126.7357109017
935656.3970238998 1916126.7480570541
935656.4106991363 1916126.7604032063
935656.4243743728 1916126.7727493588
935656.4380496093 1916126.785095511
935656.4517248457 1916126.7974416632
935656.4654000822 1916126.8097878157
935656.4790753187 1916126.822133968
935656.4927505552 1916126.83448012
935656.5064257917 1916126.8468262726
935656.5201010281 1916126.8591724248
935656.5337762645 1916126.8715185772
935656.547451501 1916126.8838647294
935656.5611267375 1916126.8962108816
935656.574801974 1916126.908557034
935656.5884772105 1916126.9209031863
935656.602152447 1916126.9332493385
935656.6158276834 1916126.945595491
935656.6295029199 1916126.9579416432
935656.6431781563 1916126.9702877956
935656.6568533928 1916126.9826339479
935656.6705286293 1916126.9949801
935656.6842038658 1916127.0073262525
935656.6978791022 1916127.0196724047
935656.7115543387 1916127.0320185572
935656.7252295752 1916127.0443647094
935656.7389048117 1916127.0567108616
935656.7525800482 1916127.069057014
935656.7662552847 1916127.0814031663
935656.779930521 1916127.0937493185
935656.7936057575 1916127.106095471
935656.807280994 1916127.1184416232
935656.8209562305 1916127.1307877756
935656.834631467 1916127.1431339278
935656.8483067035 1916127.15548008
935656.8619819399 1916127.1678262325
935656.8756571764 1916127.1801723847
935656.8893324129 1916127.192518537
935656.9030076494 1916127.2048646894
935656.9166828858 1916127.2172108416
935656.9303581223 1916127.229556994
935656.9440333587 1916127.2419031463
935656.9577085952 1916127.2542492985
935656.9713838317 1916127.266595451
935656.9850590682 1916127.2789416031
935656.9987343047 1916127.2912877554
935657.0124095412 1916127.3036339078
935657.0260847775 1916127.31598006
935657.039760014 1916127.3283262125
935657.0534352505 1916127.3406723647
935657.067110487 1916127.353018517
935657.0807857235 1916127.3653646694
935657.09446096 1916127.3777108216
935657.1081361964 1916127.390056974
935657.1218114329 1916127.4024031262
935657.1354866694 1916127.4147492785
935657.1491619059 1916127.427095431
935657.1628371424 1916127.4394415831
935657.1765123789 1916127.4517877353
935657.1901876152 1916127.4641338878
935657.2038628517 1916127.47648004
935657.2175380882 1916127.4888261924
935657.2312133247 1916127.5011723447
935657.2448885612 1916127.5135184969
935657.2585637977 1916127.5258646493
935657.2722390341 1916127.5382108015
935657.2859142706 1916127.5505569538
935657.299589507 1916127.5629031062
935657.3132647435 1916127.5752492584
935657.32693998 1916127.5875954109
935657.3406152165 1916127.599941563
935657.3542904529 1916127.6122877153
935657.3679656894 1916127.6246338678
935657.3816409259 1916127.63698002
935657.3953161624 1916127.6493261722
935657.4089913989 1916127.6616723246
935657.4226666354 1916127.6740184769
935657.4363418717 1916127.6863646293
935657.4500171082 1916127.6987107815
935657.4636923447 1916127.7110569337
935657.4773675812 1916127.7234030862
935657.4910428177 1916127.7357492384
935657.5047180542 1916127.7480953906
935657.5183932906 1916127.760441543
935657.5320685271 1916127.7727876953
935657.5457437636 1916127.7851338477
935657.559419 1916127.79748