935656.343828 1916202.98428 21
935656.342964 1916202.99275 21
935656.342099 1916203.00122 21
935656.341235 1916203.00968 21
935656.34037 1916203.01815 21
935656.339506 1916203.02662 21
935656.338641 1916203.03509 21
935656.337777 1916203.04356 21
935656.336912 1916203.05202 21
935656.336048 1916203.06049 21
935656.335184 1916203.06896 21
935656.334319 1916203.07743 21
935656.333455 1916203.0859 21
935656.33259 1916203.09436 21
935656.331726 1916203.10283 21
935656.330861 1916203.1113 21
935656.329997 1916203.11977 21
935656.329132 1916203.12824 21
935656.328268 1916203.1367 21
935656.327403 1916203.14517 21
935656.326539 1916203.15364 21
935656.325675 1916203.16211 21
935656.32481 1916203.17058 21
935656.323946 1916203.17904 21
935656.323081 1916203.18751 21
935656.322217 1916203.19598 21
935656.321352 1916203.20445 21
935656.320488 1916203.21292 21
935656.319623 1916203.22138 21
935656.318759 1916203.22985 21
935656.317895 1916203.23832 21
935656.31703 1916203.24679 21
935656.316166 1916203.25526 21
935656.315301 1916203.26373 21
935656.314437 1916203.27219 21
935656.313572 1916203.28066 21
935656.312708 1916203.28913 21
935656.311843 1916203.2976 21
935656.310979 1916203.30607 21
935656.310114 1916203.31453 21
935656.30925 1916203.323 21
935656.308386 1916203.33147 21
935656.307521 1916203.33994 21
935656.306657 1916203.34841 21
935656.305792 1916203.35687 21
935656.304928 1916203.36534 21
935656.304063 1916203.37381 21
935656.303199 1916203.38228 21
935656.302334 1916203.39075 21
935656.30147 1916203.39921 21
935656.300606 1916203.40768 21
935656.299741 1916203.41615 21
935656.298877 1916203.42462 21
935656.298012 1916203.43309 21
935656.297148 1916203.44155 21
935656.296283 1916203.45002 21
935656.295419 1916203.45849 21
935656.294554 1916203.46696 21
935656.29369 1916203.47543 21
935656.292825 1916203.48389 21
935656.291961 1916203.49236 21
935656.291097 1916203.50083 21
935656.290232 1916203.5093 21
935656.289368 1916203.51777 21
935656.288503 1916203.52623 21
935656.287639 1916203.5347 21
935656.286774 1916203.54317 21
935656.28591 1916203.55164 21
935656.285045 1916203.56011 21
935656.284181 1916203.56857 21
935656.283317 1916203.57704 21
935656.282452 1916203.58551 21
935656.281588 1916203.59398 21
935656.280723 1916203.60245 21
935656.279859 1916203.61091 21
935656.278994 1916203.61938 21
935656.27813 1916203.62785 21
935656.277265 1916203.63632 21
935656.276401 1916203.64479 21
935656.275537 1916203.65325 21
935656.274672 1916203.66172 21
935656.273808 1916203.67019 21
935656.272943 1916203.67866 21
935656.272079 1916203.68713 21
935656.271214 1916203.69559 21
935656.27035 1916203.70406 21
935656.269485 1916203.71253 21
935656.268621 1916203.721 21
935656.267756 1916203.72947 21
935656.266892 1916203.73793 21
935656.266028 1916203.7464 21
935656.265163 1916203.75487 21
935656.264299 1916203.76334 21
935656.263434 1916203.77181 21
935656.26257 1916203.78028 21
935656.261705 1916203.78874 21
935656.260841 1916203.79721 21
935656.259976 1916203.80568 21
935656.259112 1916203.81415 21
935656.258248 1916203.82262 21
935656.257383 1916203.83108 21
935656.256519 1916203.83955 21
935656.255654 1916203.84802 21
935656.25479 1916203.85649 21
935656.253925 1916203.86496 21
935656.253061 1916203.87342 21
935656.252196 1916203.88189 21
935656.251332 1916203.89036 21
935656.250467 1916203.89883 21
935656.249603 1916203.9073 21
935656.248739 1916203.91576 21
935656.247874 1916203.92423 21
935656.24701 1916203.9327 21
935656.246145 1916203.94117 21
935656.245281 1916203.94964 21
935656.244416 1916203.9581 21
935656.243552 1916203.96657 21
935656.242687 1916203.97504 21
935656.241823 1916203.98351 21
935656.240959 1916203.99198 21
935656.240094 1916204.00044 21
935656.23923 1916204.00891 21
935656.238365 1916204.01738 21
935656.237501 1916204.02585 21
935656.236636 1916204.03432 21
935656.235772 1916204.04278 21
935656.234907 1916204.05125 21
935656.234043 1916204.05972 21
935656.233178 1916204.06819 21
935656.232314 1916204.07666 21
935656.23145 1916204.08512 21
935656.230585 1916204.09359 21
935656.229721 1916204.10206 21
935656.228856 1916204.11053 21
935656.227992 1916204.119 21
935656.227127 1916204.12746 21
935656.226263 1916204.13593 21
935656.225398 1916204.1444 21
935656.224534 1916204.15287 21
935656.22367 1916204.16134 21
935656.222805 1916204.1698 21
935656.221941 1916204.17827 21
935656.221076 1916204.18674 21
935656.220212 1916204.19521 21
935656.219347 1916204.20368 21
935656.218483 1916204.21214 21
935656.217618 1916204.22061 21
935656.216754 1916204.22908 21
935656.215889 1916204.23755 21
935656.215025 1916204.24602 21
935656.214161 1916204.25448 21
935656.213296 1916204.26295 21
935656.212432 1916204.27142 21
935656.211567 1916204.27989 21
935656.210703 1916204.28836 21
935656.209838 1916204.29683 21
935656.208974 1916204.30529 21
935656.208109 1916204.31376 21
935656.207245 1916204.32223 21
935656.206381 1916204.3307 21
935656.205516 1916204.33917 21
935656.204652 1916204.34763 21
935656.203787 1916204.3561 21
935656.202923 1916204.36457 21
935656.202058 1916204.37304 21
935656.201194 1916204.38151 21
935656.200329 1916204.38997 21
935656.199465 1916204.39844 21
935656.198601 1916204.40691 21
935656.197736 1916204.41538 21
935656.196872 1916204.42385 21
935656.196007 1916204.43231 21
935656.195143 1916204.44078 21
935656.194278 1916204.44925 21
935656.193414 1916204.45772 21
935656.192549 1916204.46619 21
935656.191685 1916204.47465 21
935656.19082 1916204.48312 21
935656.189956 1916204.49159 21
935656.189092 1916204.50006 21
935656.188227 1916204.50853 21
935656.187363 1916204.51699 21
935656.186498 1916204.52546 21
935656.185634 1916204.53393 21
935656.184769 1916204.5424 21
935656.183905 1916204.55087 21
935656.18304 1916204.55933 21
935656.182176 1916204.5678 21
935656.181312 1916204.57627 21
935656.180447 1916204.58474 21
935656.179583 1916204.59321 21
935656.178718 1916204.60167 21
935656.177854 1916204.61014 21
935656.176989 1916204.61861 21
935656.176125 1916204.62708 21
935656.17526 1916204.63555 21
935656.174396 1916204.64401 21
935656.173531 1916204.65248 21
935656.172667 1916204.66095 21
935656.171803 1916204.66942 21
935656.170938 1916204.67789 21
935656.170074 1916204.68635 21
935656.169209 1916204.69482 21
935656.168345 1916204.70329 21
935656.16748 1916204.71176 21
935656.166616 1916204.72023 21
935656.165751 1916204.72869 21
935656.164887 1916204.73716 21
935656.164023 1916204.74563 21
935656.163158 1916204.7541 21
935656.162294 1916204.76257 21
935656.161429 1916204.77103 21
935656.160565 1916204.7795 21
935656.1597 1916204.78797 21
935656.158836 1916204.79644 21
935656.157971 1916204.80491 21
935656.157107 1916204.81338 21
935656.156242 1916204.82184 21
935656.155378 1916204.83031 21
935656.154514 1916204.83878 21
935656.153649 1916204.84725 21
935656.152785 1916204.85572 21
935656.15192 1916204.86418 21
935656.151056 1916204.87265 21
935656.150191 1916204.88112 21
935656.149327 1916204.88959 21
935656.148462 1916204.89806 21
935656.147598 1916204.90652 21
935656.146734 1916204.91499 21
935656.145869 1916204.92346 21
935656.145005 1916204.93193 21
935656.14414 1916204.9404 21
935656.143276 1916204.94886 21
935656.142411 1916204.95733 21
935656.141547 1916204.9658 21
935656.140682 1916204.97427 21
935656.139818 1916204.98274 21
935656.138954 1916204.9912 21
935656.138089 1916204.99967 21
935656.137225 1916205.00814 21
935656.13636 1916205.01661 21
935656.135496 1916205.02508 21
935656.134631 1916205.03354 21
935656.133767 1916205.04201 21
935656.132902 1916205.05048 21
935656.132038 1916205.05895 21
935656.131173 1916205.06742 21
935656.130309 1916205.07588 21
935656.129445 1916205.08435 21
935656.12858 1916205.09282 21
935656.127716 1916205.10129 21
935656.126851 1916205.10976 21
935656.125987 1916205.11822 21
935656.125122 1916205.12669 21
935656.124258 1916205.13516 21
935656.123393 1916205.14363 21
935656.122529 1916205.1521 21
935656.121665 1916205.16056 21
935656.1208 1916205.16903 21
935656.119936 1916205.1775 21
935656.119071 1916205.18597 21
935656.118207 1916205.19444 21
935656.117342 1916205.2029 21
935656.116478 1916205.21137 21
935656.115613 1916205.21984 21
935656.114749 1916205.22831 21
935656.113884 1916205.23678 21
935656.11302 1916205.24524 21
935656.112156 1916205.25371 21
935656.111291 1916205.26218 21
935656.110427 1916205.27065 21
935656.109562 1916205.27912 21
935656.108698 1916205.28758 21
935656.107833 1916205.29605 21
935656.106969 1916205.30452 21
935656.106104 1916205.31299 21
935656.10524 1916205.32146 21
935656.104376 1916205.32993 21
935656.103511 1916205.33839 21
935656.102647 1916205.34686 21
935656.101782 1916205.35533 21
935656.100918 1916205.3638 21
935656.100053 1916205.37227 21
935656.099189 1916205.38073 21
935656.098324 1916205.3892 21
935656.09746 1916205.39767 21
935656.096595 1916205.40614 21
935656.095731 1916205.41461 21
935656.094867 1916205.42307 21
935656.094002 1916205.43154 21
935656.093138 1916205.44001 21
935656.092273 1916205.44848 21
935656.091409 1916205.45695 21
935656.090544 1916205.46541 21
935656.08968 1916205.47388 21
935656.088815 1916205.48235 21
935656.087951 1916205.49082 21
935656.087087 1916205.49929 21
935656.086222 1916205.50775 21
935656.085358 1916205.51622 21
935656.084493 1916205.52469 21
935656.083629 1916205.53316 21
935656.082764 1916205.54163 21
935656.0819 1916205.55009 21
935656.081035 1916205.55856 21
935656.080171 1916205.56703 21
935656.079307 1916205.5755 21
935656.078442 1916205.58397 21
935656.077578 1916205.59243 21
935656.076713 1916205.6009 22
935656.075849 1916205.60937 22
935656.074984 1916205.61784 22
935656.07412 1916205.62631 22
935656.073255 1916205.63477 22
935656.072391 1916205.64324 22
935656.071526 1916205.65171 22
935656.070662 1916205.66018 22
935656.069798 1916205.66865 22
935656.068933 1916205.67711 22
935656.068069 1916205.68558 22
935656.067204 1916205.69405 22
935656.06634 1916205.70252 22
935656.065475 1916205.71099 22
935656.064611 1916205.71945 22
935656.063746 1916205.72792 22
935656.062882 1916205.73639 22
935656.062018 1916205.74486 22
935656.061153 1916205.75333 22
935656.060289 1916205.76179 22
935656.059424 1916205.77026 22
935656.05856 1916205.77873 22
935656.057695 1916205.7872 22
935656.056831 1916205.79567 22
935656.055966 1916205.80413 22
935656.055102 1916205.8126 22
935656.054237 1916205.82107 22
935656.053373 1916205.82954 22
935656.052509 1916205.83801 22
935656.051644 1916205.84648 22
935656.05078 1916205.85494 22
935656.049915 1916205.86341 22
935656.049051 1916205.87188 22
935656.048186 1916205.88035 22
935656.047322 1916205.88882 22
935656.046457 1916205.89728 22
935656.045593 1916205.90575 22
935656.044729 1916205.91422 22
935656.043864 1916205.92269 22
935656.043 1916205.93116 22
935656.042135 1916205.93962 22
935656.041271 1916205.94809 22
935656.040406 1916205.95656 22
935656.039542 1916205.96503 22
935656.038677 1916205.9735 22
935656.037813 1916205.98196 22
935656.036948 1916205.99043 22
935656.036084 1916205.9989 22
935656.03522 1916206.00737 22
935656.034355 1916206.01584 22
935656.033491 1916206.0243 22
935656.032626 1916206.03277 22
935656.031762 1916206.04124 22
935656.030897 1916206.04971 22
935656.030033 1916206.05818 22
935656.029168 1916206.06664 22
935656.028304 1916206.07511 22
935656.02744 1916206.08358 22
935656.026575 1916206.09205 22
935656.025711 1916206.10052 22
935656.024846 1916206.10898 22
935656.023982 1916206.11745 22
935656.023117 1916206.12592 22
935656.022253 1916206.13439 22
935656.021388 1916206.14286 22
935656.020524 1916206.15132 22
935656.019659 1916206.15979 22
935656.018795 1916206.16826 22
935656.017931 1916206.17673 22
935656.017066 1916206.1852 22
935656.016202 1916206.19366 22
935656.015337 1916206.20213 22
935656.014473 1916206.2106 22
935656.013608 1916206.21907 22
935656.012744 1916206.22754 22
935656.011879 1916206.236 22
935656.011015 1916206.24447 22
935656.010151 1916206.25294 22
935656.009286 1916206.26141 22
935656.008422 1916206.26988 22
935656.007557 1916206.27834 22
935656.006693 1916206.28681 22
935656.005828 1916206.29528 22
935656.004964 1916206.30375 22
935656.004099 1916206.31222 22
935656.003235 1916206.32069 22
935656.002371 1916206.32915 22
935656.001506 1916206.33762 22
935656.000642 1916206.34609 22
935655.999777 1916206.35456 22
935655.998913 1916206.36303 22
935655.998048 1916206.37149 22
935655.997184 1916206.37996 22
935655.996319 1916206.38843 22
935655.995455 1916206.3969 22
935655.99459 1916206.40537 22
935655.993726 1916206.41383 22
935655.992862 1916206.4223 22
935655.991997 1916206.43077 22
935655.991133 1916206.43924 22
935655.990268 1916206.44771 22
935655.989404 1916206.45617 22
935655.988539 1916206.46464 22
935655.987675 1916206.47311 22
935655.98681 1916206.48158 22
935655.985946 1916206.49005 22
935655.985082 1916206.49851 22
935655.984217 1916206.50698 22
935655.983353 1916206.51545 22
935655.982488 1916206.52392 22
935655.981624 1916206.53239 22
935655.980759 1916206.54085 22
935655.979895 1916206.54932 22
935655.97903 1916206.55779 22
935655.978166 1916206.56626 22
935655.977301 1916206.57473 22
935655.976437 1916206.58319 22
935655.975573 1916206.59166 22
935655.974708 1916206.60013 22
935655.973844 1916206.6086 22
935655.972979 1916206.61707 22
935655.972115 1916206.62553 22
935655.97125 1916206.634 22
935655.970386 1916206.64247 22
935655.969521 1916206.65094 22
935655.968657 1916206.65941 22
935655.967793 1916206.66787 22
935655.966928 1916206.67634 22
935655.966064 1916206.68481 22
935655.965199 1916206.69328 22
935655.964335 1916206.70175 22
935655.96347 1916206.71021 22
935655.962606 1916206.71868 22
935655.961741 1916206.72715 22
935655.960877 1916206.73562 22
935655.960012 1916206.74409 22
935655.959148 1916206.75255 22
935655.958284 1916206.76102 22
935655.957419 1916206.76949 22
935655.956555 1916206.77796 22
935655.95569 1916206.78643 22
935655.954826 1916206.79489 22
935655.953961 1916206.80336 22
935655.953097 1916206.81183 22
935655.952232 1916206.8203 22
935655.951368 1916206.82877 22
935655.950504 1916206.83724 22
935655.949639 1916206.8457 22
935655.948775 1916206.85417 22
935655.94791 1916206.86264 22
935655.947046 1916206.87111 22
935655.946181 1916206.87958 22
935655.945317 1916206.88804 22
935655.944452 1916206.89651 22
935655.943588 1916206.90498 22
935655.942724 1916206.91345 22
935655.941859 1916206.92192 22
935655.940995 1916206.93038 22
935655.94013 1916206.93885 22
935655.939266 1916206.94732 22
935655.938401 1916206.95579 22
935655.937537 1916206.96426 22
935655.936672 1916206.97272 22
935655.935808 1916206.98119 22
935655.934943 1916206.98966 22
935655.934079 1916206.99813 22
935655.933215 1916207.0066 22
935655.93235 1916207.01506 22
935655.931486 1916207.02353 22
935655.930621 1916207.032 22
935655.929757 1916207.04047 22
935655.928892 1916207.04894 22
935655.928028 1916207.0574 22
935655.927163 1916207.06587 22
935655.926299 1916207.07434 22
935655.925435 1916207.08281 22
935655.92457 1916207.09128 22
935655.923706 1916207.09974 22
935655.922841 1916207.10821 22
935655.921977 1916207.11668 22
935655.921112 1916207.12515 22
935655.920248 1916207.13362 22
935655.919383 1916207.14208 22
935655.918519 1916207.15055 22
935655.917654 1916207.15902 22
935655.91679 1916207.16749 22
935655.915926 1916207.17596 22
935655.915061 1916207.18442 22
935655.914197 1916207.19289 22
935655.913332 1916207.20136 22
935655.912468 1916207.20983 22