935655.124489 1916130.67856 19
935655.126189 1916130.90044 19
935655.136674 1916131.11116 19
935655.165153 1916131.35502 19
935655.157899 1916131.56588 19
935655.186208 1916131.78755 19
935655.196863 1916132.02046 19
935655.207347 1916132.23118 19
935655.226702 1916132.44183 19
935655.228402 1916132.66371 19
935655.247756 1916132.87436 19
935655.258156 1916133.07398 19
935655.286465 1916133.29566 19
935655.29695 1916133.50638 19
935655.316134 1916133.69484 19
935655.344358 1916133.90542 19
935655.363713 1916134.11607 19
935655.391851 1916134.31556 19
935655.411206 1916134.52621 19
935655.43943 1916134.73679 19
935655.467569 1916134.93628 19
935655.487008 1916135.15803 19
935655.506277 1916135.35758 19
935655.516847 1916135.5794 19
935655.536201 1916135.79005 19
935655.546686 1916136.00077 19
935655.557256 1916136.22258 19
935655.576695 1916136.44432 19
935655.58718 1916136.65504 19
935655.59758 1916136.85466 19
935655.625974 1916137.08744 19
935655.636374 1916137.28706 19
935655.664683 1916137.50874 19
935655.701691 1916137.70816 19
935655.712176 1916137.91888 19
935655.740315 1916138.11836 19
935655.759754 1916138.34011 19
935655.787808 1916138.5285 19
935655.816032 1916138.73908 19
935655.835301 1916138.93864 19
935655.872309 1916139.13806 19
935655.909233 1916139.32639 19
935655.946241 1916139.52581 19
935655.992119 1916139.72516 19
935656.037997 1916139.92451 19
935656.101614 1916140.12373 19
935656.156446 1916140.33411 19
935656.211279 1916140.54449 19
935656.265941 1916140.73268 19
935656.329643 1916140.94299 19
935656.393175 1916141.13111 19
935656.456877 1916141.34142 19
935656.520409 1916141.52954 19
935656.584026 1916141.72876 19
935656.647558 1916141.91688 19
935656.719959 1916142.10494 19
935656.792446 1916142.30409 19
935656.864847 1916142.49214 19
935656.937249 1916142.6802 19
935657.00965 1916142.86825 19
935657.090921 1916143.05624 19
935657.172107 1916143.23313 19
935657.244509 1916143.42118 19
935657.31691 1916143.60924 19
935657.406965 1916143.78606 19
935657.479367 1916143.97412 19
935657.551683 1916144.15108 19
935657.641824 1916144.339 19
935657.72284 1916144.4937 19
935657.81298 1916144.68162 19
935657.894081 1916144.84742 19
935657.984051 1916145.01315 19
935658.082891 1916145.17881 19
935658.155208 1916145.35577 19
935658.254048 1916145.52144 19
935658.326364 1916145.6984 19
935658.40738 1916145.8531 19
935658.479526 1916146.00787 19
935658.534189 1916146.19606 19
935658.61512 1916146.33967 19
935658.669697 1916146.51677 19
935658.715405 1916146.69394 19
935658.787551 1916146.84871 19
935658.833259 1916147.02587 19
935658.878882 1916147.19194 19
935658.933544 1916147.38013 19
935658.979167 1916147.5462 19
935659.024874 1916147.72337 19
935659.061713 1916147.9006 19
935659.098551 1916148.07783 19
935659.144344 1916148.26609 19
935659.190052 1916148.44326 19
935659.21802 1916148.62056 19
935659.254859 1916148.79779 19
935659.282912 1916148.98618 19
935659.310881 1916149.16348 19
935659.338935 1916149.35188 19
935659.358034 1916149.52925 19
935659.396232 1916149.88398 19
935659.406462 1916150.06142 19
935659.416777 1916150.24995 19
935659.435876 1916150.42732 19
935659.446191 1916150.61585 19
935659.45642 1916150.79329 19
935659.46665 1916150.97072 19
935659.485749 1916151.14809 19
935659.495979 1916151.32553 19
935659.506208 1916151.50296 19
935659.516353 1916151.66931 19
935659.508844 1916151.84688 19
935659.510119 1916152.01329 19
935659.520349 1916152.19072 19
935659.512754 1916152.3572 19
935659.514029 1916152.52361 19
935659.515389 1916152.70112 19
935659.516665 1916152.86753 19
935659.51794 1916153.03394 19
935659.5193 1916153.21144 19
935659.511705 1916153.37792 19
935659.504111 1916153.5444 19
935659.505471 1916153.7219 19
935659.506831 1916153.89941 19
935659.517061 1916154.07684 19
935659.527376 1916154.26537 19
935659.528651 1916154.43178 19
935659.538881 1916154.60922 19
935659.54911 1916154.78666 19
935659.559425 1916154.97519 19
935659.569655 1916155.15262 19
935659.579969 1916155.34115 19
935659.590284 1916155.52968 19
935659.600599 1916155.71821 19
935659.602214 1916155.929 19
935659.612443 1916156.10644 19
935659.631798 1916156.31709 19
935659.633158 1916156.49459 19
935659.643557 1916156.69422 19
935659.645088 1916156.89391 19
935659.646618 1916157.0936 19
935659.639278 1916157.29336 19
935659.640639 1916157.47087 19
935659.651123 1916157.68158 19
935659.643699 1916157.87025 19
935659.645229 1916158.06994 19
935659.646589 1916158.24745 19
935659.657074 1916158.45817 19
935659.649565 1916158.63574 19
935659.659964 1916158.83536 19
935659.65254 1916159.02403 19
935659.653985 1916159.21263 19
935659.655515 1916159.41232 19
935659.648176 1916159.61208 19
935659.649706 1916159.81177 19
935659.642367 1916160.01153 19
935659.643982 1916160.22232 19
935659.636558 1916160.41098 19
935659.638003 1916160.59958 19
935659.630748 1916160.81044 19
935659.632109 1916160.98794 19
935659.633639 1916161.18763 19
935659.626299 1916161.38739 19
935659.636699 1916161.58702 19
935659.62049 1916161.78685 19
935659.639674 1916161.97531 19
935659.632505 1916162.19726 19
935659.642905 1916162.39688 19
935659.653389 1916162.6076 19
935659.654835 1916162.7962 19
935659.674189 1916163.00685 19
935659.693458 1916163.20641 19
935659.695158 1916163.42829 19
935659.714597 1916163.65003 19
935659.716213 1916163.86082 19
935659.735652 1916164.08256 19
935659.746136 1916164.29328 19
935659.747837 1916164.51516 19
935659.758406 1916164.73697 19
935659.742283 1916164.9479 19
935659.743983 1916165.16978 19
935659.754637 1916165.40268 19
935659.756423 1916165.63566 19
935659.749253 1916165.8576 19
935659.742254 1916166.10174 19
935659.726215 1916166.32376 19
935659.728085 1916166.56783 19
935659.712132 1916166.80094 19
935659.713917 1916167.03391 19
935659.706832 1916167.26695 19
935659.708618 1916167.49993 19
935659.701448 1916167.72188 19
935659.694194 1916167.93273 19
935659.67824 1916168.16584 20
935659.670986 1916168.37669 20
935659.637293 1916168.60994 20
935659.629954 1916168.8097 20
935659.614 1916169.04281 20
935659.589092 1916169.2649 20
935659.564268 1916169.49807 20
935659.557014 1916169.70893 20
935659.549845 1916169.93088 20
935659.533721 1916170.1418 20
935659.544291 1916170.36361 20
935659.545906 1916170.5744 20
935659.538822 1916170.80744 20
935659.558176 1916171.01809 20
935659.559791 1916171.22888 20
935659.561491 1916171.45076 20
935659.572061 1916171.67257 20
935659.573761 1916171.89445 20
935659.575461 1916172.11633 20
935659.577161 1916172.33821 20
935659.587816 1916172.57112 20
935659.571777 1916172.79313 20
935659.573648 1916173.0372 20
935659.584302 1916173.27011 20
935659.577133 1916173.49206 20
935659.579003 1916173.73613 20
935659.571834 1916173.95807 20
935659.564665 1916174.18002 20
935659.548711 1916174.41313 20
935659.550496 1916174.64611 20
935659.552196 1916174.86799 20
935659.553896 1916175.08987 20
935659.546727 1916175.31182 20
935659.548427 1916175.5337 20
935659.541088 1916175.73346 20
935659.542788 1916175.95534 20
935659.535534 1916176.16619 20
935659.546104 1916176.388 20
935659.547719 1916176.59879 20
935659.540464 1916176.80964 20
935659.550864 1916177.00927 20
935659.552564 1916177.23115 20
935659.562964 1916177.43077 20
935659.573449 1916177.64149 20
935659.575064 1916177.85228 20
935659.576594 1916178.05197 20
935659.56934 1916178.26283 20
935659.562085 1916178.47368 20
935659.563616 1916178.67337 20
935659.547322 1916178.86211 20
935659.531283 1916179.08412 20
935659.497165 1916179.2619 20
935659.481041 1916179.47282 20
935659.455963 1916179.67272 20
935659.430885 1916179.87261 20
935659.414676 1916180.07244 20
935659.389683 1916180.28343 20
935659.373389 1916180.47217 20
935659.36605 1916180.67193 20
935659.349756 1916180.86066 20
935659.333547 1916181.06049 20
935659.335077 1916181.26018 20
935659.327738 1916181.45994 20
935659.320484 1916181.6708 20
935659.321929 1916181.85939 20
935659.323544 1916182.07018 20
935659.333859 1916182.25871 20
935659.326519 1916182.45847 20
935659.345789 1916182.65803 20
935659.347489 1916182.87991 20
935659.349104 1916183.0907 20
935659.359504 1916183.29032 20
935659.34355 1916183.52343 20
935659.345165 1916183.73422 20
935659.337996 1916183.95616 20
935659.321957 1916184.17818 20
935659.314788 1916184.40013 20
935659.298749 1916184.62215 20
935659.282625 1916184.83307 20
935659.266587 1916185.05508 20
935659.250378 1916185.25491 20
935659.243209 1916185.47686 20
935659.235784 1916185.66553 20
935659.237399 1916185.87631 20
935659.23006 1916186.07607 20
935659.222721 1916186.27583 20
935659.224251 1916186.47553 20
935659.225696 1916186.66412 20
935659.227226 1916186.86382 20
935659.237626 1916187.06344 20
935659.239071 1916187.25204 20
935659.231732 1916187.4518 20
935659.233262 1916187.65149 20
935659.225838 1916187.84016 20
935659.218584 1916188.05101 20
935659.20246 1916188.26194 20
935659.177467 1916188.47293 20
935659.161343 1916188.68385 20
935659.145219 1916188.89477 20
935659.111441 1916189.11692 20
935659.086363 1916189.31682 20
935659.043631 1916189.52795 20
935659.009768 1916189.739 20
935658.975736 1916189.92787 20
935658.923964 1916190.11688 20
935658.889931 1916190.30575 21
935658.846944 1916190.48359 21
935658.786388 1916190.68376 21
935658.734446 1916190.85058 21
935658.682674 1916191.03959 21
935658.622033 1916191.22866 21
935658.552523 1916191.4178 21
935658.482927 1916191.59585 21
935658.422201 1916191.77383 21
935658.35269 1916191.96297 21
935658.300749 1916192.12979 21
935658.240107 1916192.31886 21
935658.179211 1916192.47466 21
935658.118485 1916192.65264 21
935658.066458 1916192.80836 21
935657.996693 1916192.96422 21
935657.936137 1916193.16439 21
935657.892979 1916193.32005 21
935657.832253 1916193.49803 21
935657.798051 1916193.66471 21
935657.728455 1916193.84276 21
935657.694337 1916194.02053 21
935657.642311 1916194.17626 21
935657.5815 1916194.34314 21
935657.547127 1916194.48764 21
935657.477361 1916194.6435 21
935657.434034 1916194.77696 21
935657.399576 1916194.91036 21
935657.338595 1916195.05506 21
935657.303967 1916195.16627 21
935657.26951 1916195.29967 21
935657.243666 1916195.39972 21
935657.217908 1916195.51087 21
935657.18328 1916195.62208 21
935657.148568 1916195.7222 21
935657.122809 1916195.83334 21
935657.096881 1916195.9223 21
935657.071038 1916196.02235 21
935657.036325 1916196.12247 21
935657.010397 1916196.21142 21
935656.993423 1916196.31141 21
935656.95871 1916196.41152 21
935656.932697 1916196.48939 21
935656.915638 1916196.57827 21
935656.88971 1916196.66723 21
935656.863866 1916196.76728 21
935656.846807 1916196.85617 21
935656.829749 1916196.94506 21
935656.81269 1916197.03394 21
935656.8045 1916197.12276 21
935656.787442 1916197.21165 21
935656.770383 1916197.30054 21
935656.762193 1916197.38936 21
935656.754004 1916197.47818 21
935656.73703 1916197.57816 21
935656.737795 1916197.67801 21
935656.720907 1916197.78908 21
935656.721587 1916197.87784 21
935656.713397 1916197.96666 21
935656.705208 1916198.05548 21
935656.688234 1916198.15546 21
935656.68013 1916198.25537 21
935656.672025 1916198.35529 21
935656.655137 1916198.46636 21
935656.638248 1916198.57744 21
935656.630229 1916198.68845 21
935656.61334 1916198.79952 21
935656.60532 1916198.91053 21
935656.579732 1916199.04386 21
935656.562843 1916199.15494 21
935656.546125 1916199.28821 21
935656.53819 1916199.41031 21
935656.521302 1916199.52138 21
935656.513282 1916199.63239 21
935656.496393 1916199.74347 21
935656.497159 1916199.84331 21
935656.480185 1916199.9433 21
935656.47208 1916200.04321 21
935656.463891 1916200.13203 21
935656.464656 1916200.23188 21
935656.456467 1916200.3207 21
935656.448192 1916200.39842 21
935656.440003 1916200.48724 21
935656.449468 1916200.56483 21
935656.432409 1916200.65372 21
935656.433089 1916200.74247 21
935656.433769 1916200.83123 21
935656.434619 1916200.94217 21
935656.41773 1916201.05324 21
935656.418496 1916201.15309 21
935656.419346 1916201.26403 21
935656.411241 1916201.36394 21
935656.411922 1916201.45269 21
935656.403817 1916201.55261 21
935656.404497 1916201.64136 21
935656.396223 1916201.71909 21
935656.405858 1916201.81887 21
935656.397498 1916201.8855 21
935656.398093 1916201.96316 21
935656.398603 1916202.02972 21
935656.390244 1916202.09635 21
935656.399539 1916202.15175 21
935656.391179 1916202.21839 21
935656.391519 1916202.26276 21
935656.391859 1916202.30714 21
935656.38333 1916202.35158 21
935656.383585 1916202.38486 21
935656.383925 1916202.42924 21
935656.384265 1916202.47362 21
935656.375821 1916202.52915 21
935656.376076 1916202.56244 21
935656.376501 1916202.61791 21
935656.368056 1916202.67344 21
935656.368481 1916202.72891 21
935656.368907 1916202.78438 21
935656.360547 1916202.85102 21
935656.360887 1916202.89539 21
935656.361397 1916202.96196 21
935656.352783 1916202.99531 21
935656.344253 1916203.03975 21
935656.344253 1916203.03975 21
935656.352698 1916202.98421 21
935656.344083 1916203.01756 21
935656.352783 1916202.99531 21
935656.352698 1916202.98421 21
935656.352868 1916203.0064 21
935656.352698 1916202.98421 21
935656.343913 1916202.99537 21
935656.352698 1916202.98421 21
935656.352783 1916202.99531 21
935656.352698 1916202.98421 21
935656.352783 1916202.99531 21
935656.352698 1916202.98421 21
935656.343913 1916202.99537 21
935656.352783 1916202.99531 21
935656.352698 1916202.98421 21
935656.352698 1916202.98421 21
935656.352783 1916202.99531 21
935656.352698 1916202.98421 21
935656.352698 1916202.98421 21
935656.352698 1916202.98421 21
935656.343828 1916202.98428 21
935656.343828 1916202.98428 21
935656.352698 1916202.98421 21
935656.343828 1916202.98428 21
935656.343828 1916202.98428 21
