935650.084098 1916099.14175 9
935650.077099 1916099.38589 9
935650.087669 1916099.6077 9
935650.080755 1916099.86293 9
935650.09124 1916100.07365 9
935650.093195 1916100.32881 9
935650.10368 1916100.53953 9
935650.11442 1916100.78353 9
935650.116036 1916100.99432 9
935650.126691 1916101.22723 9
935650.137176 1916101.43794 9
935650.147745 1916101.65976 9
935650.149446 1916101.88164 9
935650.160016 1916102.10345 9
935650.152677 1916102.30321 9
935650.163332 1916102.53612 9
935650.164947 1916102.7469 9
935650.166647 1916102.96878 9
935650.168178 1916103.16847 9
935650.169963 1916103.40145 9
935650.171494 1916103.60114 9
935650.173194 1916103.82302 9
935650.175235 1916104.08928 9
935650.158856 1916104.26692 9
935650.169341 1916104.47764 9
935650.153217 1916104.68856 9
935650.163702 1916104.89928 9
935650.147408 1916105.08801 9
935650.140749 1916105.37652 9
935650.142109 1916105.55403 9
935650.126156 1916105.78714 9
935650.136726 1916106.00895 9
935650.129471 1916106.21981 9
935650.131172 1916106.44169 9
935650.132957 1916106.67466 9
935650.134488 1916106.87435 9
935650.127489 1916107.11849 9
935650.146503 1916107.28476 9
935650.139589 1916107.53999 9
935650.140949 1916107.7175 9
935650.151604 1916107.9504 9
935650.14418 1916108.13907 9
935650.146136 1916108.39423 9
935650.147326 1916108.54955 9
935650.140412 1916108.80478 9
935650.141687 1916108.97119 9
935650.143472 1916109.20416 9
935650.136048 1916109.39283 9
935650.146703 1916109.62574 9
935650.148234 1916109.82543 9
935650.149849 1916110.03622 9
935650.169204 1916110.24687 9
935650.161864 1916110.44663 9
935650.181304 1916110.66837 9
935650.182749 1916110.85697 9
935650.202189 1916111.07871 9
935650.212674 1916111.28943 9
935650.223159 1916111.50015 9
935650.242513 1916111.7108 9
935650.244299 1916111.94378 9
935650.263738 1916112.16552 9
935650.265524 1916112.39849 9
935650.267139 1916112.60928 9
935650.277794 1916112.84219 9
935650.279409 1916113.05297 9
935650.281195 1916113.28595 9
935650.28281 1916113.49673 9
935650.29338 1916113.71855 9
935650.286211 1916113.94049 9
935650.287741 1916114.14019 9
935650.289442 1916114.36207 9
935650.299927 1916114.57279 9
935650.283888 1916114.7948 9
935650.285503 1916115.00559 9
935650.278419 1916115.23863 9
935650.288819 1916115.43826 9
935650.28182 1916115.68239 9
935650.28335 1916115.88208 9
935650.285051 1916116.10396 9
935650.286581 1916116.30366 9
935650.297236 1916116.53656 9
935650.316506 1916116.73612 9
935650.318291 1916116.96909 9
935650.337561 1916117.16865 9
935650.348131 1916117.39046 9
935650.367485 1916117.60111 9
935650.378055 1916117.82293 9
935650.388455 1916118.02255 9
935650.416679 1916118.23313 9
935650.427079 1916118.43276 9
935650.455388 1916118.65443 9
935650.474743 1916118.86508 9
935650.485227 1916119.0758 9
935650.513281 1916119.2642 9
935650.541591 1916119.48587 9
935650.560775 1916119.67434 9
935650.580129 1916119.88499 9
935650.599314 1916120.07345 9
935650.618753 1916120.29519 9
935650.637853 1916120.47256 9
935650.657207 1916120.68321 9
935650.676307 1916120.86058 9
935650.695576 1916121.06014 9
935650.705891 1916121.24867 9
935650.725246 1916121.45932 9
935650.735476 1916121.63675 9
935650.749151236 1916121.64909615 9
935650.762826473 1916121.6614423 9
935650.776501709 1916121.67378845 9
935650.790176945 1916121.6861346 9
935650.803852182 1916121.69848076 9
935650.817527418 1916121.71082691 9
935650.831202655 1916121.72317306 9
935650.844877891 1916121.73551921 9
935650.858553128 1916121.74786537 9
935650.872228364 1916121.76021152 9
935650.885903601 1916121.77255767 9
935650.899578837 1916121.78490382 9
935650.913254074 1916121.79724998 9
935650.92692931 1916121.80959613 9
935650.940604547 1916121.82194228 9
935650.954279783 1916121.83428843 9
935650.96795502 1916121.84663458 9
935650.981630256 1916121.85898074 9
935650.995305493 1916121.87132689 9
935651.008980729 1916121.88367304 9
935651.022655966 1916121.89601919 9
935651.036331202 1916121.90836535 9
935651.050006438 1916121.9207115 9
935651.063681675 1916121.93305765 9
935651.077356911 1916121.9454038 9
935651.091032148 1916121.95774996 9
935651.104707384 1916121.97009611 9
935651.118382621 1916121.98244226 9
935651.132057857 1916121.99478841 9
935651.145733094 1916122.00713456 9
935651.15940833 1916122.01948072 9
935651.173083567 1916122.03182687 9
935651.186758803 1916122.04417302 9
935651.20043404 1916122.05651917 9
935651.214109276 1916122.06886533 9
935651.227784513 1916122.08121148 9
935651.241459749 1916122.09355763 9
935651.255134986 1916122.10590378 9
935651.268810222 1916122.11824994 9
935651.282485458 1916122.13059609 9
935651.296160695 1916122.14294224 9
935651.309835931 1916122.15528839 9
935651.323511168 1916122.16763454 9
935651.337186404 1916122.1799807 9
935651.350861641 1916122.19232685 9
935651.364536877 1916122.204673 9
935651.378212114 1916122.21701915 9
935651.39188735 1916122.22936531 9
935651.405562587 1916122.24171146 9
935651.419237823 1916122.25405761 9
935651.43291306 1916122.26640376 9
935651.446588296 1916122.27874992 9
935651.460263533 1916122.29109607 9
935651.473938769 1916122.30344222 9
935651.487614006 1916122.31578837 9
935651.501289242 1916122.32813452 9
935651.514964479 1916122.34048068 9
935651.528639715 1916122.35282683 9
935651.542314951 1916122.36517298 9
935651.555990188 1916122.37751913 9
935651.569665424 1916122.38986529 9
935651.583340661 1916122.40221144 9
935651.597015897 1916122.41455759 9
935651.610691134 1916122.42690374 9
935651.62436637 1916122.4392499 9
935651.638041607 1916122.45159605 9
935651.651716843 1916122.4639422 9
935651.66539208 1916122.47628835 9
935651.679067316 1916122.4886345 9
935651.692742553 1916122.50098066 9
935651.706417789 1916122.51332681 9
935651.720093026 1916122.52567296 9
935651.733768262 1916122.53801911 9
935651.747443499 1916122.55036527 9
935651.761118735 1916122.56271142 9
935651.774793971 1916122.57505757 9
935651.788469208 1916122.58740372 9
935651.802144444 1916122.59974988 9
935651.815819681 1916122.61209603 9
935651.829494917 1916122.62444218 9
935651.843170154 1916122.63678833 9
935651.85684539 1916122.64913448 9
935651.870520627 1916122.66148064 9
935651.884195863 1916122.67382679 9
935651.8978711 1916122.68617294 9
935651.911546336 1916122.69851909 9
935651.925221573 1916122.71086525 9
935651.938896809 1916122.7232114 9
935651.952572046 1916122.73555755 9
935651.966247282 1916122.7479037 9
935651.979922519 1916122.76024985 9
935651.993597755 1916122.77259601 9
935652.007272992 1916122.78494216 9
935652.020948228 1916122.79728831 9
935652.034623464 1916122.80963446 9
935652.048298701 1916122.82198062 9
935652.061973937 1916122.83432677 9
935652.075649174 1916122.84667292 9
935652.08932441 1916122.85901907 9
935652.102999647 1916122.87136523 9
935652.116674883 1916122.88371138 9
935652.13035012 1916122.89605753 9
935652.144025356 1916122.90840368 9
935652.157700593 1916122.92074983 9
935652.171375829 1916122.93309599 9
935652.185051066 1916122.94544214 9
935652.198726302 1916122.95778829 9
935652.212401539 1916122.97013444 9
935652.226076775 1916122.9824806 9
935652.239752012 1916122.99482675 9
935652.253427248 1916123.0071729 9
935652.267102484 1916123.01951905 9
935652.280777721 1916123.03186521 9
935652.294452957 1916123.04421136 9
935652.308128194 1916123.05655751 9
935652.32180343 1916123.06890366 9
935652.335478667 1916123.08124981 9
935652.349153903 1916123.09359597 9
935652.36282914 1916123.10594212 9
935652.376504376 1916123.11828827 9
935652.390179613 1916123.13063442 9
935652.403854849 1916123.14298058 9
935652.417530086 1916123.15532673 9
935652.431205322 1916123.16767288 9
935652.444880559 1916123.18001903 9
935652.458555795 1916123.19236519 9
935652.472231032 1916123.20471134 9
935652.485906268 1916123.21705749 9
935652.499581505 1916123.22940364 9
935652.513256741 1916123.24174979 9
935652.526931978 1916123.25409595 9
935652.540607214 1916123.2664421 9
935652.55428245 1916123.27878825 9
935652.567957687 1916123.2911344 9
935652.581632923 1916123.30348056 9
935652.59530816 1916123.31582671 9
935652.608983396 1916123.32817286 9
935652.622658633 1916123.34051901 9
935652.636333869 1916123.35286517 9
935652.650009106 1916123.36521132 9
935652.663684342 1916123.37755747 9
935652.677359579 1916123.38990362 9
935652.691034815 1916123.40224977 9
935652.704710052 1916123.41459593 9
935652.718385288 1916123.42694208 9
935652.732060525 1916123.43928823 9
935652.745735761 1916123.45163438 9
935652.759410998 1916123.46398054 9
935652.773086234 1916123.47632669 9
935652.786761471 1916123.48867284 9
935652.800436707 1916123.50101899 9
935652.814111943 1916123.51336515 9
935652.82778718 1916123.5257113 9
935652.841462416 1916123.53805745 9
935652.855137653 1916123.5504036 9
935652.868812889 1916123.56274975 9
935652.882488126 1916123.57509591 9
935652.896163362 1916123.58744206 9
935652.909838599 1916123.59978821 9
935652.923513835 1916123.61213436 9
935652.937189072 1916123.62448052 9
935652.950864308 1916123.63682667 9
935652.964539545 1916123.64917282 9
935652.978214781 1916123.66151897 9
935652.991890018 1916123.67386513 9
935653.005565254 1916123.68621128 9
935653.019240491 1916123.69855743 9
935653.032915727 1916123.71090358 9
935653.046590964 1916123.72324973 9
935653.0602662 1916123.73559589 9
935653.073941437 1916123.74794204 9
935653.087616673 1916123.76028819 9
935653.101291909 1916123.77263434 9
935653.114967146 1916123.7849805 9
935653.128642382 1916123.79732665 9
935653.142317619 1916123.8096728 9
935653.155992855 1916123.82201895 9
935653.169668092 1916123.83436511 9
935653.183343328 1916123.84671126 9
935653.197018565 1916123.85905741 9
935653.210693801 1916123.87140356 9
935653.224369038 1916123.88374971 9
935653.238044274 1916123.89609587 9
935653.251719511 1916123.90844202 9
935653.265394747 1916123.92078817 9
935653.279069984 1916123.93313432 9
935653.29274522 1916123.94548048 9
935653.306420457 1916123.95782663 9
935653.320095693 1916123.97017278 9
935653.333770929 1916123.98251893 9
935653.347446166 1916123.99486509 9
935653.361121402 1916124.00721124 9
935653.374796639 1916124.01955739 9
935653.388471875 1916124.03190354 9
935653.402147112 1916124.04424969 9
935653.415822348 1916124.05659585 9
935653.429497585 1916124.068942 9
935653.443172821 1916124.08128815 9
935653.456848058 1916124.0936343 9
935653.470523294 1916124.10598046 9
935653.484198531 1916124.11832661 9
935653.497873767 1916124.13067276 9
935653.511549004 1916124.14301891 9
935653.52522424 1916124.15536507 9
935653.538899477 1916124.16771122 9
935653.552574713 1916124.18005737 9
935653.56624995 1916124.19240352 9
935653.579925186 1916124.20474967 9
935653.593600422 1916124.21709583 9
935653.607275659 1916124.22944198 9
935653.620950895 1916124.24178813 9
935653.634626132 1916124.25413428 9
935653.648301368 1916124.26648044 9
935653.661976605 1916124.27882659 9
935653.675651841 1916124.29117274 9
935653.689327078 1916124.30351889 9
935653.703002314 1916124.31586505 9
935653.716677551 1916124.3282112 9
935653.730352787 1916124.34055735 9
935653.744028024 1916124.3529035 9
935653.75770326 1916124.36524965 9
935653.771378497 1916124.37759581 9
935653.785053733 1916124.38994196 9
935653.79872897 1916124.40228811 9
935653.812404206 1916124.41463426 9
935653.826079442 1916124.42698042 9
935653.839754679 1916124.43932657 9
935653.853429915 1916124.45167272 9
935653.867105152 1916124.46401887 9
935653.880780388 1916124.47636503 9
935653.894455625 1916124.48871118 9
935653.908130861 1916124.50105733 9
935653.921806098 1916124.51340348 9
935653.935481334 1916124.52574963 9
935653.949156571 1916124.53809579 9
935653.962831807 1916124.55044194 9
935653.976507044 1916124.56278809 9
935653.99018228 1916124.57513424 9
935654.003857517 1916124.5874804 9
935654.017532753 1916124.59982655 9
935654.03120799 1916124.6121727 9
935654.044883226 1916124.62451885 9
935654.058558463 1916124.63686501 9
935654.072233699 1916124.64921116 9
935654.085908935 1916124.66155731 9
935654.099584172 1916124.67390346 9
935654.113259408 1916124.68624961 9
935654.126934645 1916124.69859577 9
935654.140609881 1916124.71094192 9
935654.154285118 1916124.72328807 9
935654.167960354 1916124.73563422 9
935654.181635591 1916124.74798038 9
935654.195310827 1916124.76032653 9
935654.208986064 1916124.77267268 9
935654.2226613 1916124.78501883 9
935654.236336537 1916124.79736499 9
935654.250011773 1916124.80971114 9
935654.26368701 1916124.82205729 9
935654.277362246 1916124.83440344 9
935654.291037483 1916124.84674959 9
935654.304712719 1916124.85909575 9
935654.318387955 1916124.8714419 9
935654.332063192 1916124.88378805 9
935654.345738428 1916124.8961342 9
935654.359413665 1916124.90848036 9
935654.373088901 1916124.92082651 9
935654.386764138 1916124.93317266 9
935654.400439374 1916124.94551881 9
935654.414114611 1916124.95786497 9
935654.427789847 1916124.97021112 9
935654.441465084 1916124.98255727 9
935654.45514032 1916124.99490342 9
935654.468815557 1916125.00724957 9
935654.482490793 1916125.01959573 9
935654.49616603 1916125.03194188 9
935654.509841266 1916125.04428803 9
935654.523516503 1916125.05663418 9
935654.537191739 1916125.06898034 9
935654.550866976 1916125.08132649 9
935654.564542212 1916125.09367264 9
935654.578217448 1916125.10601879 9
935654.591892685 1916125.11836495 9
935654.605567921 1916125.1307111 9
935654.619243158 1916125.14305725 9
935654.632918394 1916125.1554034 9
935654.646593631 1916125.16774955 9
935654.660268867 1916125.18009571 9
935654.673944104 1916125.19244186 9
935654.68761934 1916125.20478801 9
935654.701294577 1916125.21713416 9
935654.714969813 1916125.22948032 9
935654.72864505 1916125.24182647 9
935654.742320286 1916125.25417262 9
935654.755995523 1916125.26651877 9
935654.769670759 1916125.27886493 9
935654.783345996 1916125.29121108 9
935654.797021232 1916125.30355723 9
935654.810696468 1916125.31590338 9
935654.824371705 1916125.32824953 9
935654.838046941 1916125.34059569 9
935654.851722178 1916125.35294184 9
935654.865397414 1916125.36528799 9
935654.879072651 1916125.37763414 9
935654.892747887 1916125.3899803 9
935654.906423124 1916125.40232645 9
935654.92009836 1916125.4146726 9
935654.933773597 1916125.42701875 9
935654.947448833 1916125.43936491 9
935654.96112407 1916125.45171106 9
935654.974799306 1916125.46405721 9
935654.988474543 1916125.47640336 9
935655.002149779 1916125.48874951 9
935655.015825016 1916125.50109567 9
935655.029500252 1916125.51344182 9
935655.043175489 1916125.52578797 9
935655.056850725 1916125.53813412 9
935655.070525961 1916125.55048028 9
935655.084201198 1916125.56282643 9
935655.097876434 1916125.57517258 9
935655.111551671 1916125.58751873 9
935655.125226907 1916125.59986488 9
935655.138902144 1916125.61221104 9
935655.15257738 1916125.62455719 9
935655.166252617 1916125.63690334 9
935655.179927853 1916125.64924949 9
935655.19360309 1916125.66159565 9
935655.207278326 1916125.6739418 9
935655.220953563 1916125.68628795 9
935655.234628799 1916125.6986341 9
935655.248304036 1916125.71098026 9
935655.261979272 1916125.72332641 9
935655.275654509 1916125.73567256 9
935655.289329745 1916125.74801871 9
935655.303004982 1916125.76036486 9
935655.316680218 1916125.77271102 9
935655.330355454 1916125.78505717 9
935655.344030691 1916125.79740332 9
935655.357705927 1916125.80974947 9
935655.371381164 1916125.82209563 9
935655.3850564 1916125.83444178 9
935655.398731637 1916125.84678793 9
935655.412406873 1916125.85913408 9
935655.42608211 1916125.87148024 9
935655.439757346 1916125.88382639 9
935655.453432583 1916125.89617254 9
935655.467107819 1916125.90851869 9
935655.480783056 1916125.92086484 9
935655.494458292 1916125.933211 9
935655.508133529 1916125.94555715 9
935655.521808765 1916125.9579033 9
935655.535484002 1916125.97024945 9
935655.549159238 1916125.98259561 9
935655.562834475 1916125.99494176 9
935655.576509711 1916126.00728791 9
935655.590184947 1916126.01963406 9
935655.603860184 1916126.03198022 9
935655.61753542 1916126.04432637 9
935655.631210657 1916126.05667252 9
935655.644885893 1916126.06901867 9
935655.65856113 1916126.08136482 9
935655.672236366 1916126.09371098 9
935655.685911603 1916126.10605713 9
935655.699586839 1916126.11840328 9
935655.713262076 1916126.13074943 9
935655.726937312 1916126.14309559 9
935655.740612549 1916126.15544174 9
935655.754287785 1916126.16778789 9
935655.767963022 1916126.18013404 9
935655.781638258 1916126.1924802 9
935655.795313495 1916126.20482635 9
935655.808988731 1916126.2171725 9
935655.822663968 1916126.22951865 9
935655.836339204 1916126.2418648 9
935655.850014441 1916126.25421096 9
935655.863689677 1916126.26655711 9
935655.877364913 1916126.27890326 9
935655.89104015 1916126.29124941 9
935655.904715386 1916126.30359557 9
935655.918390623 1916126.31594172 9
935655.932065859 1916126.32828787 9
935655.945741096 1916126.34063402 9
935655.959416332 1916126.35298018 9
935655.973091569 1916126.36532633 9
935655.986766805 1916126.37767248 9
935656.000442042 1916126.39001863 9
935656.014117278 1916126.40236478 9
935656.027792515 1916126.41471094 9
935656.041467751 1916126.42705709 9
935656.055142988 1916126.43940324 9
935656.068818224 1916126.45174939 9
935656.082493461 1916126.46409555 9
935656.096168697 1916126.4764417 9
935656.109843934 1916126.48878785 9
935656.12351917 1916126.501134 9
935656.137194406 1916126.51348016 9
935656.150869643 1916126.52582631 9
935656.164544879 1916126.53817246 9
935656.178220116 1916126.55051861 9
935656.191895352 1916126.56286476 9
935656.205570589 1916126.57521092 9
935656.219245825 1916126.58755707 9
935656.232921062 1916126.59990322 9
935656.246596298 1916126.61224937 9
935656.260271535 1916126.62459553 9
935656.273946771 1916126.63694168 9
935656.287622008 1916126.64928783 9
935656.301297244 1916126.66163398 9
935656.314972481 1916126.67398014 9
935656.328647717 1916126.68632629 9
935656.342322954 1916126.69867244 9
935656.35599819 1916126.71101859 9
935656.369673426 1916126.72336474 9
935656.383348663 1916126.7357109 9
935656.397023899 1916126.74805705 9
935656.410699136 1916126.7604032 9
935656.424374372 1916126.77274935 9
935656.438049609 1916126.78509551 9
935656.451724845 1916126.79744166 9
935656.465400082 1916126.80978781 9
935656.479075318 1916126.82213396 9
935656.492750555 1916126.83448012 9
935656.506425791 1916126.84682627 9
935656.520101028 1916126.85917242 9
935656.533776264 1916126.87151857 9
935656.547451501 1916126.88386472 9
935656.561126737 1916126.89621088 9
935656.574801974 1916126.90855703 9
935656.58847721 1916126.92090318 9
935656.602152447 1916126.93324933 9
935656.615827683 1916126.94559549 9
935656.629502919 1916126.95794164 9
935656.643178156 1916126.97028779 9
935656.656853392 1916126.98263394 9
935656.670528629 1916126.9949801 9
935656.684203865 1916127.00732625 9
935656.697879102 1916127.0196724 9
935656.711554338 1916127.03201855 9
935656.725229575 1916127.0443647 9
935656.738904811 1916127.05671086 9
935656.752580048 1916127.06905701 9
935656.766255284 1916127.08140316 9
935656.779930521 1916127.09374931 9
935656.793605757 1916127.10609547 9
935656.807280994 1916127.11844162 9
935656.82095623 1916127.13078777 9
935656.834631467 1916127.14313392 9
935656.848306703 1916127.15548008 9
935656.861981939 1916127.16782623 9
935656.875657176 1916127.18017238 9
935656.889332412 1916127.19251853 9
935656.903007649 1916127.20486468 9
935656.916682885 1916127.21721084 9
935656.930358122 1916127.22955699 9
935656.944033358 1916127.24190314 9
935656.957708595 1916127.25424929 9
935656.971383831 1916127.26659545 9
935656.985059068 1916127.2789416 9
935656.998734304 1916127.29128775 9
935657.012409541 1916127.3036339 9
935657.026084777 1916127.31598006 9
935657.039760014 1916127.32832621 9
935657.05343525 1916127.34067236 9
935657.067110487 1916127.35301851 9
935657.080785723 1916127.36536466 9
935657.09446096 1916127.37771082 9
935657.108136196 1916127.39005697 9
935657.121811432 1916127.40240312 9
935657.135486669 1916127.41474927 9
935657.149161905 1916127.42709543 9
935657.162837142 1916127.43944158 9
935657.176512378 1916127.45178773 9
935657.190187615 1916127.46413388 9
935657.203862851 1916127.47648004 9
935657.217538088 1916127.48882619 9
935657.231213324 1916127.50117234 9
935657.244888561 1916127.51351849 9
935657.258563797 1916127.52586464 9
935657.272239034 1916127.5382108 9
935657.28591427 1916127.55055695 9
935657.299589507 1916127.5629031 9
935657.313264743 1916127.57524925 9
935657.32693998 1916127.58759541 9
935657.340615216 1916127.59994156 9
935657.354290452 1916127.61228771 9
935657.367965689 1916127.62463386 9
935657.381640925 1916127.63698002 9
935657.395316162 1916127.64932617 9
935657.408991398 1916127.66167232 9
935657.422666635 1916127.67401847 9
935657.436341871 1916127.68636462 9
935657.450017108 1916127.69871078 9
935657.463692344 1916127.71105693 9
935657.477367581 1916127.72340308 9
935657.491042817 1916127.73574923 9
935657.504718054 1916127.74809539 9
935657.51839329 1916127.76044154 9
935657.532068527 1916127.77278769 9
935657.545743763 1916127.78513384 9
935657.559419 1916127.79748 9
935657.578689 1916127.99703 10
935657.624396 1916128.1742 10
935657.643666 1916128.37375 10
935657.662935 1916128.57331 10
935657.690989 1916128.7617 10
935657.701474 1916128.97242 10
935657.623348 1916129.19491 10
935657.633748 1916129.39454 10
935657.652932 1916129.583 10
935657.689855 1916129.77133 10
935657.70904 1916129.95979 10
935657.728139 1916130.13716 10
935657.747323 1916130.32562 10
935657.766507 1916130.51408 10
935657.794561 1916130.70248 10
935657.8227 1916130.90197 10
935657.823975 1916131.06838 10
935657.860984 1916131.2678 10
935657.871383 1916131.46742 10
935657.890653 1916131.66698 10
935657.918706 1916131.85537 10
935657.920237 1916132.05506 10
935657.939506 1916132.25462 10
935657.958605 1916132.43199 10
935657.969005 1916132.63161 10
935657.988104 1916132.80898 10
935657.998504 1916133.00861 10
935658.008734 1916133.18604 10
935658.028003 1916133.3856 10
935658.038403 1916133.58522 10
935658.048802 1916133.78485 10
935658.076941 1916133.98434 10
935658.087426 1916134.19505 10
935658.10678 1916134.4057 10
935658.126134 1916134.61635 10
935658.145489 1916134.82701 10
935658.164843 1916135.03766 10
935658.175243 1916135.23728 10
935658.194512 1916135.43684 10
935658.204997 1916135.64755 10
935658.224266 1916135.84711 10
935658.24379 1916136.07995 10
935658.26306 1916136.27951 10
935658.291368 1916136.50118 10
935658.310638 1916136.70074 10
935658.347816 1916136.92235 10
935658.375955 1916137.12184 10
935658.386525 1916137.34365 10
935658.423448 1916137.53197 10
935658.433933 1916137.74269 10
935658.462156 1916137.95328 10
935658.490295 1916138.15276 10
935658.50078 1916138.36348 10
935658.520049 1916138.56304 10
935658.539403 1916138.77369 10
935658.558758 1916138.98434 10
935658.586897 1916139.18383 10
935658.606166 1916139.38338 10
935658.63439 1916139.59397 10
935658.653744 1916139.80462 10
935658.681883 1916140.00411 10
935658.683498 1916140.21489 10
935658.711552 1916140.40329 10
935658.730906 1916140.61394 10
935658.750175 1916140.81349 10
935658.778314 1916141.01298 10
935658.806453 1916141.21247 10
935658.834591 1916141.41196 10
935658.853776 1916141.60042 10
935658.87296 1916141.78888 10
935658.901099 1916141.98837 10
935658.929152 1916142.17677 10
935658.948337 1916142.36523 10
935658.967521 1916142.55369 10
935658.995575 1916142.74209 10
935659.014844 1916142.94164 10
935659.033858 1916143.10792 10
935659.053212 1916143.31857 10
935659.072396 1916143.50703 10
935659.091836 1916143.72877 10
935659.119889 1916143.91717 10
935659.139159 1916144.11672 10
935659.167382 1916144.32731 10
935659.177697 1916144.51584 10
935659.205836 1916144.71533 10
935659.225105 1916144.91488 10
935659.244289 1916145.10334 10
935659.263559 1916145.3029 10
935659.282828 1916145.50246 10
935659.311137 1916145.72413 10
935659.339275 1916145.92362 10
935659.358715 1916146.14537 10
935659.377899 1916146.33383 10
935659.406293 1916146.5666 10
935659.434431 1916146.76609 10
935659.453956 1916146.99893 10
935659.47331 1916147.20958 10
935659.492664 1916147.42023 10
935659.512103 1916147.64197 10
935659.513803 1916147.86385 10
935659.533243 1916148.0856 10
935659.543727 1916148.29632 10
935659.563167 1916148.51806 10
935659.573736 1916148.73987 10
935659.593091 1916148.95052 10
935659.594791 1916149.1724 10
935659.614145 1916149.38305 10
935659.62463 1916149.59377 10
935659.635029 1916149.7934 10
935659.663253 1916150.00398 10
935659.673738 1916150.2147 10
935659.684137 1916150.41432 10
935659.694707 1916150.63613 10
935659.705192 1916150.84685 10
935659.706807 1916151.05764 10
935659.717292 1916151.26836 10
935659.710037 1916151.47921 10
935659.711568 1916151.6789 10
935659.704228 1916151.87866 10
935659.696889 1916152.07842 10
935659.689549 1916152.27819 10
935659.68221 1916152.47795 10
935659.665916 1916152.66668 10
935659.649707 1916152.86651 10
935659.642283 1916153.05517 10
935659.625989 1916153.24391 10
935659.618565 1916153.43257 10
935659.611225 1916153.63234 10
935659.603716 1916153.80991 10
935659.587507 1916154.00974 10
935659.571298 1916154.20956 10
935659.555089 1916154.40939 10
935659.530011 1916154.60929 10
935659.496063 1916154.80925 10
935659.479854 1916155.00908 10
935659.463645 1916155.20891 10
935659.429698 1916155.40887 10
935659.395665 1916155.59774 10
935659.370586 1916155.79764 10
935659.327684 1916155.98658 10
935659.293736 1916156.18654 10
935659.250834 1916156.37548 10
935659.216971 1916156.58654 10
935659.165114 1916156.76445 10
935659.122381 1916156.97558 10
935659.079479 1916157.16451 10
935659.018923 1916157.36468 11
935658.967321 1916157.57588 11
935658.915549 1916157.76488 11
935658.863862 1916157.96498 11
935658.80339 1916158.17625 11
935658.751619 1916158.36525 11
935658.682193 1916158.56549 11
935658.630506 1916158.76559 11
935658.56091 1916158.94364 11
935658.500353 1916159.1438 11
935658.430843 1916159.33295 11
935658.370201 1916159.52202 11
935658.291821 1916159.71123 11
935658.222225 1916159.88928 11
935658.152714 1916160.07842 11
935658.100857 1916160.25633 11
935658.022392 1916160.43445 11
935657.961665 1916160.61243 11
935657.909808 1916160.79034 11
935657.849082 1916160.96832 11
935657.80601 1916161.13507 11
935657.745283 1916161.31305 11
935657.693341 1916161.47987 11
935657.650439 1916161.66881 11
935657.607452 1916161.84665 11
935657.564549 1916162.03559 11
935657.530432 1916162.21337 11
935657.505268 1916162.40217 11
935657.462451 1916162.6022 11
935657.437373 1916162.8021 11
935657.412379 1916163.01309 11
935657.387386 1916163.22408 11
935657.362563 1916163.45726 11
935657.346524 1916163.67927 11
935657.321786 1916163.92354 11
935657.314702 1916164.15659 11
935657.289963 1916164.40086 11
935657.283049 1916164.65609 11
935657.26718 1916164.90029 11
935657.260266 1916165.15552 11
935657.253352 1916165.41075 11
935657.237483 1916165.65496 11
935657.239353 1916165.89903 11
935657.22357 1916166.15433 11
935657.216486 1916166.38737 11
935657.209656 1916166.65369 11
935657.202572 1916166.88673 11
935657.204442 1916167.1308 11
935657.197358 1916167.36385 11
935657.199143 1916167.59682 11
935657.192059 1916167.82986 11
935657.17619 1916168.07407 11
935657.169021 1916168.29601 11
935657.153067 1916168.52913 11
935657.145813 1916168.73998 11
935657.147598 1916168.97295 11
935657.12269 1916169.19504 11
935657.106566 1916169.40596 11
935657.090528 1916169.62798 11
935657.056835 1916169.86122 11
935657.031757 1916170.06112 11
935657.007019 1916170.30539 11
935656.99081 1916170.50522 11
935656.965987 1916170.7384 11
935656.940993 1916170.94939 11
935656.916 1916171.16038 11
935656.899961 1916171.3824 11
935656.874883 1916171.58229 11
935656.858844 1916171.80431 11
935656.85159 1916172.01516 11
935656.835381 1916172.21499 11
935656.828127 1916172.42584 11
935656.794264 1916172.6369 11
935656.78701 1916172.84776 11
935656.771056 1916173.08087 11
935656.754933 1916173.29179 11
935656.747763 1916173.51374 11
935656.72294 1916173.74692 11
935656.715771 1916173.96886 11
935656.690863 1916174.19095 11
935656.683694 1916174.4129 11
935656.685309 1916174.62368 11
935656.669355 1916174.85679 11
935656.662186 1916175.07874 11
935656.663886 1916175.30062 11
935656.647933 1916175.53373 11
935656.649548 1916175.74452 11
935656.642549 1916175.98866 11
935656.644164 1916176.19944 11
935656.645949 1916176.43242 11
935656.638865 1916176.66546 11
935656.64065 1916176.89843 11
935656.642351 1916177.12031 11
935656.635266 1916177.35336 11
935656.645836 1916177.57517 11
935656.638667 1916177.79712 11
935656.640282 1916178.0079 11
935656.624328 1916178.24101 11
935656.617074 1916178.45187 11
935656.609905 1916178.67382 11
935656.593866 1916178.89583 11
935656.586612 1916179.10669 11
935656.579358 1916179.31754 11
935656.572189 1916179.53949 11
935656.564934 1916179.75034 11
935656.548896 1916179.97236 11
935656.541642 1916180.18322 11
935656.534387 1916180.39407 11
935656.518349 1916180.61609 11
935656.502225 1916180.82701 11
935656.503755 1916181.0267 11
935656.496586 1916181.24865 11
935656.462638 1916181.44861 11
935656.455214 1916181.63728 11
935656.466209 1916181.91456 11
935656.45904 1916182.13651 11
935656.460655 1916182.3473 11
935656.462355 1916182.56918 11
935656.446232 1916182.7801 11
935656.447932 1916183.00198 11
935656.440763 1916183.22393 11
935656.424554 1916183.42376 11
935656.426339 1916183.65673 11
935656.4103 1916183.87875 11
935656.403131 1916184.1007 11
935656.395962 1916184.32264 11
935656.326621 1916184.53397 11
935656.319197 1916184.72264 11
935656.303329 1916184.96684 11
935656.28729 1916185.18886 11
935656.280121 1916185.41081 11
935656.255383 1916185.65508 11
935656.248213 1916185.87703 11
935656.241214 1916186.12117 11
935656.243 1916186.35414 11
935656.226961 1916186.57616 11
935656.175699 1916186.83173 11
935656.152917 1916187.33116 11
935656.163486 1916187.55297 11
935656.156232 1916187.76383 11
935656.149148 1916187.99687 11
935656.150763 1916188.20766 11
935656.152464 1916188.42954 11
935656.154249 1916188.66251 11
935656.173433 1916188.85098 11
935656.192787 1916189.06163 11
935656.176834 1916189.29474 11
935656.187488 1916189.52764 11
935656.180404 1916189.76068 11
935656.191059 1916189.99359 11
935656.183975 1916190.22663 11
935656.194545 1916190.44845 11
935656.196415 1916190.69251 11
935656.197945 1916190.89221 11
935656.199731 1916191.12518 11
935656.201431 1916191.34706 11
935656.211916 1916191.55778 11
935656.222485 1916191.77959 11
935656.224356 1916192.02366 11
935656.225886 1916192.22335 11
935656.227586 1916192.44523 11
935656.246856 1916192.64479 11
935656.26621 1916192.85544 11
935656.285564 1916193.06609 11
935656.287179 1916193.27688 11
935656.27984 1916193.47664 11
935656.272586 1916193.68749 11
935656.282901 1916193.87602 11
935656.266862 1916194.09804 11
935656.250738 1916194.30896 11
935656.261223 1916194.51968 11
935656.253799 1916194.70835 11
935656.246375 1916194.89701 11
935656.257029 1916195.12992 11
935656.240481 1916195.28537 11
935656.242181 1916195.50725 11
935656.243626 1916195.69585 11
935656.245156 1916195.89554 11
935656.237732 1916196.08421 11
935656.239263 1916196.2839 11
935656.231838 1916196.47257 11
935656.242238 1916196.67219 11
935656.234729 1916196.84976 11
935656.245129 1916197.04939 11
935656.237789 1916197.24915 11
935656.239235 1916197.43775 11
935656.24068 1916197.62634 11
935656.233341 1916197.82611 11
935656.225916 1916198.01477 11
935656.218577 1916198.21453 11
935656.211238 1916198.41429 11
935656.203814 1916198.60296 11
935656.18769 1916198.81388 11
935656.180351 1916199.01364 11
935656.173097 1916199.2245 11
935656.219059 1916199.43494 11
935656.238414 1916199.64559 11
935656.204636 1916199.86774 11
935656.197212 1916200.05641 11
935656.189788 1916200.24508 11
935656.191403 1916200.45586 11
935656.175194 1916200.65569 11
935656.176555 1916200.8332 11
935656.195994 1916201.05494 11
935656.153347 1916201.27716 11
935656.172446 1916201.45453 11
935656.165107 1916201.65429 11
935656.157683 1916201.84296 11
935656.176782 1916202.02032 11
935656.160488 1916202.20906 11
935656.170888 1916202.40868 11
935656.172503 1916202.61947 11
935656.174033 1916202.81916 11
935656.166949 1916203.0522 11
935656.177434 1916203.26292 11
935656.179219 1916203.4959 11
935656.181005 1916203.72887 11
935656.17409 1916203.9841 11
935656.176046 1916204.23926 11
935656.178001 1916204.49443 11
935656.171172 1916204.76075 11
