935650.403488 1916099.1504 9
935650.403573 1916099.16149 9
935650.403488 1916099.1504 9
935650.403488 1916099.1504 9
935650.403488 1916099.1504 9
935650.403488 1916099.1504 9
935650.403573 1916099.16149 9
935650.403488 1916099.1504 9
935650.403488 1916099.1504 9
935650.403488 1916099.1504 9
935650.412442 1916099.16143 9
935650.403573 1916099.16149 9
935650.403488 1916099.1504 9
935650.403488 1916099.1504 9
935650.403488 1916099.1504 9
935650.412442 1916099.16143 9
935650.403573 1916099.16149 9
935650.403488 1916099.1504 9
935650.412357 1916099.15033 9
935650.403488 1916099.1504 9
935650.403488 1916099.1504 9
935650.403573 1916099.16149 9
935650.403488 1916099.1504 9
935650.403488 1916099.1504 9
935650.403488 1916099.1504 9
935650.403488 1916099.1504 9
935650.403488 1916099.1504 9
935650.403488 1916099.1504 9
935650.403488 1916099.1504 9
935650.403488 1916099.1504 9
935650.403488 1916099.1504 9
935650.403488 1916099.1504 9
935650.403488 1916099.1504 9
935650.403488 1916099.1504 9
935650.403488 1916099.1504 9
935650.403488 1916099.1504 9
935650.403488 1916099.1504 9
935650.403488 1916099.1504 9
935650.403488 1916099.1504 9
935650.403488 1916099.1504 9
935650.403488 1916099.1504 9
935650.403488 1916099.1504 9
935650.403488 1916099.1504 9
935650.403488 1916099.1504 9
935650.403488 1916099.1504 9
935650.403488 1916099.1504 9
935650.403488 1916099.1504 9
935650.403488 1916099.1504 9
935650.403488 1916099.1504 9
935650.403488 1916099.1504 9
935650.403573 1916099.16149 9
935650.403573 1916099.16149 9
935650.403658 1916099.17259 9
935650.403658 1916099.17259 9
935650.403743 1916099.18368 9
935650.403743 1916099.18368 9
935650.403913 1916099.20587 9
935650.403998 1916099.21696 9
935650.413037 1916099.23908 9
935650.413293 1916099.27237 9
935650.422332 1916099.29449 9
935650.422587 1916099.32777 9
935650.422842 1916099.36105 9
935650.431967 1916099.39427 9
935650.432307 1916099.43864 9
935650.441602 1916099.49404 9
935650.441942 1916099.53842 9
935650.451321 1916099.60492 9
935650.460701 1916099.67141 9
935650.470166 1916099.749 9
935650.479546 1916099.8155 9
935650.48901 1916099.89309 9
935650.498475 1916099.97068 9
935650.499155 1916100.05943 9
935650.508705 1916100.14811 9
935650.527039 1916100.22564 9
935650.536589 1916100.31432 9
935650.546139 1916100.40301 9
935650.555773 1916100.50278 9
935650.565323 1916100.59147 9
935650.583827 1916100.69118 9
935650.593547 1916100.80205 9
935650.612137 1916100.91285 9
935650.630811 1916101.03475 9
935650.658355 1916101.15658 9
935650.677114 1916101.28957 9
935650.704658 1916101.41141 9
935650.723588 1916101.56659 9
935650.760086 1916101.69944 9
935650.796755 1916101.85449 9
935650.824384 1916101.98741 9
935650.861052 1916102.14245 9
935650.888766 1916102.28647 9
935650.934304 1916102.44145 9
935650.970803 1916102.57431 9
935650.998602 1916102.72942 9
935651.0351 1916102.86227 9
935651.062899 1916103.01739 9
935651.108352 1916103.16127 9
935651.145021 1916103.31631 9
935651.190559 1916103.47129 9
935651.244882 1916103.6151 9
935651.281805 1916103.80343 9
935651.309774 1916103.98073 9
935651.39983 1916104.15756 9
935651.480762 1916104.30117 9
935651.481867 1916104.44539 9
935651.545144 1916104.60023 9
935651.581898 1916104.76637 9
935651.609442 1916104.8882 9
935651.699413 1916105.05393 9
935651.76286 1916105.23096 9
935651.790829 1916105.40826 9
935651.845322 1916105.57426 9
935651.899729 1916105.72917 9
935651.945352 1916105.89524 9
935651.99976 1916106.05015 9
935652.045468 1916106.22731 9
935652.099961 1916106.39331 9
935652.154369 1916106.54822 9
935652.209031 1916106.73641 9
935652.263439 1916106.89132 9
935652.318102 1916107.07951 9
935652.381294 1916107.22326 9
935652.453696 1916107.41131 9
935652.490279 1916107.55526 9
935652.553556 1916107.7101 9
935652.599264 1916107.88727 9
935652.662542 1916108.04211 9
935652.734858 1916108.21907 9
935652.771612 1916108.38521 9
935652.834974 1916108.55114 9
935652.880597 1916108.71721 9
935652.935005 1916108.87212 9
935652.971673 1916109.02717 9
935653.026166 1916109.19317 9
935653.080659 1916109.35917 9
935653.126282 1916109.52524 9
935653.17182 1916109.68022 9
935653.226312 1916109.84622 9
935653.262981 1916110.00126 9
935653.326428 1916110.17829 9
935653.372051 1916110.34436 9
935653.426544 1916110.51037 9
935653.489991 1916110.68739 9
935653.535614 1916110.85346 9
935653.572453 1916111.0307 9
935653.63573 1916111.18554 9
935653.690307 1916111.36263 9
935653.7448 1916111.52864 9
935653.790338 1916111.68361 9
935653.844916 1916111.86071 9
935653.899408 1916112.02671 9
935653.945116 1916112.20388 9
935654.008393 1916112.35872 9
935654.063056 1916112.54691 9
935654.117464 1916112.70182 9
935654.172041 1916112.87891 9
935654.226619 1916113.05601 9
935654.289896 1916113.21085 9
935654.344474 1916113.38795 9
935654.390097 1916113.55402 9
935654.444674 1916113.73111 9
935654.490297 1916113.89718 9
935654.54479 1916114.06318 9
935654.599367 1916114.24028 9
935654.645076 1916114.41745 9
935654.699738 1916114.60564 9
935654.754231 1916114.77164 9
935654.808893 1916114.95983 9
935654.854601 1916115.13699 9
935654.918133 1916115.32512 9
935654.963841 1916115.50228 9
935655.036243 1916115.69034 9
935655.073082 1916115.86757 9
935655.136614 1916116.05569 9
935655.182407 1916116.24395 9
935655.2282 1916116.43221 9
935655.273908 1916116.60937 9
935655.32857 1916116.79756 9
935655.374448 1916116.99691 9
935655.420241 1916117.18517 9
935655.474904 1916117.37336 9
935655.520697 1916117.56162 9
935655.584314 1916117.76084 9
935655.630277 1916117.97129 9
935655.676155 1916118.17064 9
935655.730818 1916118.35883 9
935655.785565 1916118.55811 9
935655.840313 1916118.7574 9
935655.895061 1916118.95668 9
935655.949808 1916119.15597 9
935655.986732 1916119.34429 9
935656.050434 1916119.5546 9
935656.096312 1916119.75396 9
935656.151059 1916119.95324 9
935656.205722 1916120.14143 9
935656.234116 1916120.3742 9
935656.288778 1916120.56239 9
935656.326127 1916120.80619 9
935656.389829 1916121.0165 9
935656.462571 1916121.24893 9
935656.464186 1916121.45972 9
935656.510319 1916121.69235 9
935656.556282 1916121.9028 9
935656.620069 1916122.1242 9
935656.683941 1916122.3567 9
935656.729734 1916122.54496 9
935656.784737 1916122.77753 9
935656.830699 1916122.98797 9
935656.894487 1916123.20938 9
935656.913926 1916123.43112 9
935656.924496 1916123.65293 9
935656.970459 1916123.86338 9
935657.007637 1916124.08499 9
935657.018122 1916124.29571 9
935657.046686 1916124.55067 9
935657.083609 1916124.73899 9
935657.111918 1916124.96067 9
935657.140227 1916125.18235 9
935657.168366 1916125.38183 9
935657.214329 1916125.59228 9
935657.251422 1916125.80279 9
935657.279646 1916126.01338 9
935657.307785 1916126.21287 10
935657.336009 1916126.42345 10
935657.373017 1916126.62287 10
935657.409941 1916126.81119 10
935657.42921 1916127.01075 10
935657.457349 1916127.21024 10
935657.485403 1916127.39863 10
935657.513456 1916127.58703 10
935657.559419 1916127.79748 10
935657.578689 1916127.99703 10
935657.624396 1916128.1742 10
935657.643666 1916128.37375 10
935657.662935 1916128.57331 10
935657.690989 1916128.7617 10
935657.701474 1916128.97242 10
935657.623348 1916129.19491 10
935657.633748 1916129.39454 10
935657.652932 1916129.583 10
935657.689855 1916129.77133 10
935657.70904 1916129.95979 10
935657.728139 1916130.13716 10
935657.747323 1916130.32562 10
935657.766507 1916130.51408 10
935657.794561 1916130.70248 10
935657.8227 1916130.90197 10
935657.823975 1916131.06838 10
935657.860984 1916131.2678 10
935657.871383 1916131.46742 10
935657.890653 1916131.66698 10
935657.918706 1916131.85537 10
935657.920237 1916132.05506 10
935657.939506 1916132.25462 10
935657.958605 1916132.43199 10
935657.969005 1916132.63161 10
935657.988104 1916132.80898 10
935657.998504 1916133.00861 10
935658.008734 1916133.18604 10
935658.028003 1916133.3856 10
935658.038403 1916133.58522 10
935658.048802 1916133.78485 10
935658.076941 1916133.98434 10
935658.087426 1916134.19505 10
935658.10678 1916134.4057 10
935658.126134 1916134.61635 10
935658.145489 1916134.82701 10
935658.164843 1916135.03766 10
935658.175243 1916135.23728 10
935658.194512 1916135.43684 10
935658.204997 1916135.64755 10
935658.224266 1916135.84711 10
935658.24379 1916136.07995 10
935658.26306 1916136.27951 10
935658.291368 1916136.50118 10
935658.310638 1916136.70074 10
935658.347816 1916136.92235 10
935658.375955 1916137.12184 10
935658.386525 1916137.34365 10
935658.423448 1916137.53197 10
935658.433933 1916137.74269 10
935658.462156 1916137.95328 10
935658.490295 1916138.15276 10
935658.50078 1916138.36348 10
935658.520049 1916138.56304 10
935658.539403 1916138.77369 10
935658.558758 1916138.98434 10
935658.586897 1916139.18383 10
935658.606166 1916139.38338 10
935658.63439 1916139.59397 10
935658.653744 1916139.80462 10
935658.681883 1916140.00411 10
935658.683498 1916140.21489 10
935658.711552 1916140.40329 10
935658.730906 1916140.61394 10
935658.750175 1916140.81349 10
935658.778314 1916141.01298 10
935658.806453 1916141.21247 10
935658.834591 1916141.41196 10
935658.853776 1916141.60042 10
935658.87296 1916141.78888 10
935658.901099 1916141.98837 10
935658.929152 1916142.17677 10
935658.948337 1916142.36523 10
935658.967521 1916142.55369 10
935658.995575 1916142.74209 10
935659.014844 1916142.94164 10
935659.033858 1916143.10792 10
935659.053212 1916143.31857 10
935659.072396 1916143.50703 10
935659.091836 1916143.72877 10
935659.119889 1916143.91717 10
935659.139159 1916144.11672 10
935659.167382 1916144.32731 10
935659.177697 1916144.51584 10
935659.205836 1916144.71533 10
935659.225105 1916144.91488 10
935659.244289 1916145.10334 10
935659.263559 1916145.3029 10
935659.282828 1916145.50246 10
935659.311137 1916145.72413 10
935659.339275 1916145.92362 10
935659.358715 1916146.14537 10
935659.377899 1916146.33383 10
935659.406293 1916146.5666 10
935659.434431 1916146.76609 10
935659.453956 1916146.99893 10
935659.47331 1916147.20958 10
935659.492664 1916147.42023 10
935659.512103 1916147.64197 10
935659.513803 1916147.86385 10
935659.533243 1916148.0856 10
935659.543727 1916148.29632 10
935659.563167 1916148.51806 10
935659.573736 1916148.73987 10
935659.593091 1916148.95052 10
935659.594791 1916149.1724 10
935659.614145 1916149.38305 10
935659.62463 1916149.59377 10
935659.635029 1916149.7934 10
935659.663253 1916150.00398 10
935659.673738 1916150.2147 10
935659.684137 1916150.41432 10
935659.694707 1916150.63613 10
935659.705192 1916150.84685 10
935659.706807 1916151.05764 10
935659.717292 1916151.26836 10
935659.710037 1916151.47921 10
935659.711568 1916151.6789 10
935659.704228 1916151.87866 10
935659.696889 1916152.07842 10
935659.689549 1916152.27819 10
935659.68221 1916152.47795 10
935659.665916 1916152.66668 10
935659.649707 1916152.86651 10
935659.642283 1916153.05517 10
935659.625989 1916153.24391 10
935659.618565 1916153.43257 10
935659.611225 1916153.63234 10
935659.603716 1916153.80991 10
935659.587507 1916154.00974 10
935659.571298 1916154.20956 10
935659.555089 1916154.40939 10
935659.530011 1916154.60929 10
935659.496063 1916154.80925 10
935659.479854 1916155.00908 10
935659.463645 1916155.20891 10
935659.429698 1916155.40887 10
935659.395665 1916155.59774 10
935659.370586 1916155.79764 10
935659.327684 1916155.98658 10
935659.293736 1916156.18654 10
935659.250834 1916156.37548 10
935659.216971 1916156.58654 10
935659.165114 1916156.76445 10
935659.122381 1916156.97558 10
935659.079479 1916157.16451 10
935659.018923 1916157.36468 11
935658.967321 1916157.57588 11
935658.915549 1916157.76488 11
935658.863862 1916157.96498 11
935658.80339 1916158.17625 11
935658.751619 1916158.36525 11
935658.682193 1916158.56549 11
935658.630506 1916158.76559 11
935658.56091 1916158.94364 11
935658.500353 1916159.1438 11
935658.430843 1916159.33295 11
935658.370201 1916159.52202 11
935658.291821 1916159.71123 11
935658.222225 1916159.88928 11
935658.152714 1916160.07842 11
935658.100857 1916160.25633 11
935658.022392 1916160.43445 11
935657.961665 1916160.61243 11
935657.909808 1916160.79034 11
935657.849082 1916160.96832 11
935657.80601 1916161.13507 11
935657.745283 1916161.31305 11
935657.693341 1916161.47987 11
935657.650439 1916161.66881 11
935657.607452 1916161.84665 11
935657.564549 1916162.03559 11
935657.530432 1916162.21337 11
935657.505268 1916162.40217 11
935657.462451 1916162.6022 11
935657.437373 1916162.8021 11
935657.412379 1916163.01309 11
935657.387386 1916163.22408 11
935657.362563 1916163.45726 11
935657.346524 1916163.67927 11
935657.321786 1916163.92354 11
935657.314702 1916164.15659 11
935657.289963 1916164.40086 11
935657.283049 1916164.65609 11
935657.26718 1916164.90029 11
935657.260266 1916165.15552 11
935657.253352 1916165.41075 11
935657.237483 1916165.65496 11
935657.239353 1916165.89903 11
935657.22357 1916166.15433 11
935657.216486 1916166.38737 11
935657.209656 1916166.65369 11
935657.202572 1916166.88673 11
935657.204442 1916167.1308 11
935657.197358 1916167.36385 11
935657.199143 1916167.59682 11
935657.192059 1916167.82986 11
935657.17619 1916168.07407 11
935657.169021 1916168.29601 11
935657.153067 1916168.52913 11
935657.145813 1916168.73998 11
935657.147598 1916168.97295 11
935657.12269 1916169.19504 11
935657.106566 1916169.40596 11
935657.090528 1916169.62798 11
935657.056835 1916169.86122 11
935657.031757 1916170.06112 11
935657.007019 1916170.30539 11
935656.99081 1916170.50522 11
935656.965987 1916170.7384 11
935656.940993 1916170.94939 11
935656.916 1916171.16038 11
935656.899961 1916171.3824 11
935656.874883 1916171.58229 11
935656.858844 1916171.80431 11
935656.85159 1916172.01516 11
935656.835381 1916172.21499 11
935656.828127 1916172.42584 11
935656.794264 1916172.6369 11
935656.78701 1916172.84776 11
935656.771056 1916173.08087 11
935656.754933 1916173.29179 11
935656.747763 1916173.51374 11
935656.72294 1916173.74692 11
935656.715771 1916173.96886 11
935656.690863 1916174.19095 11
935656.683694 1916174.4129 11
935656.685309 1916174.62368 11
935656.669355 1916174.85679 11
935656.662186 1916175.07874 11
935656.663886 1916175.30062 11
935656.647933 1916175.53373 11
935656.649548 1916175.74452 11
935656.642549 1916175.98866 11
935656.644164 1916176.19944 11
935656.645949 1916176.43242 11
935656.638865 1916176.66546 11
935656.64065 1916176.89843 11
935656.642351 1916177.12031 11
935656.635266 1916177.35336 11
935656.645836 1916177.57517 11
935656.638667 1916177.79712 11
935656.640282 1916178.0079 11
935656.624328 1916178.24101 11
935656.617074 1916178.45187 11
935656.609905 1916178.67382 11
935656.593866 1916178.89583 11
935656.586612 1916179.10669 11
935656.579358 1916179.31754 11
935656.572189 1916179.53949 11
935656.564934 1916179.75034 11
935656.548896 1916179.97236 11
935656.541642 1916180.18322 11
935656.534387 1916180.39407 11
935656.518349 1916180.61609 11
935656.502225 1916180.82701 11
935656.503755 1916181.0267 11
935656.496586 1916181.24865 11
935656.462638 1916181.44861 11
935656.455214 1916181.63728 11
935656.466209 1916181.91456 11
935656.45904 1916182.13651 11
935656.460655 1916182.3473 11
935656.462355 1916182.56918 11
935656.446232 1916182.7801 11
935656.447932 1916183.00198 11
935656.440763 1916183.22393 11
935656.424554 1916183.42376 11
935656.426339 1916183.65673 11
935656.4103 1916183.87875 11
935656.403131 1916184.1007 11
935656.395962 1916184.32264 11
935656.326621 1916184.53397 11
935656.319197 1916184.72264 11
935656.303329 1916184.96684 11
935656.28729 1916185.18886 11
935656.280121 1916185.41081 11
935656.255383 1916185.65508 11
935656.248213 1916185.87703 11
935656.241214 1916186.12117 11
935656.243 1916186.35414 11
935656.226961 1916186.57616 11
935656.175699 1916186.83173 11
935656.152917 1916187.33116 11
935656.163486 1916187.55297 11
935656.156232 1916187.76383 11
935656.149148 1916187.99687 11
935656.150763 1916188.20766 11
935656.152464 1916188.42954 11
935656.154249 1916188.66251 11
935656.173433 1916188.85098 11
935656.192787 1916189.06163 11
935656.176834 1916189.29474 11
935656.187488 1916189.52764 11
935656.180404 1916189.76068 11
935656.191059 1916189.99359 11
935656.183975 1916190.22663 11
935656.194545 1916190.44845 11
935656.196415 1916190.69251 11
935656.197945 1916190.89221 11
935656.199731 1916191.12518 11
935656.201431 1916191.34706 11
935656.211916 1916191.55778 11
935656.222485 1916191.77959 11
935656.224356 1916192.02366 11
935656.225886 1916192.22335 11
935656.227586 1916192.44523 11
935656.246856 1916192.64479 11
935656.26621 1916192.85544 11
935656.285564 1916193.06609 11
935656.287179 1916193.27688 11
935656.27984 1916193.47664 11
935656.272586 1916193.68749 11
935656.282901 1916193.87602 11
935656.266862 1916194.09804 11
935656.250738 1916194.30896 11
935656.261223 1916194.51968 11
935656.253799 1916194.70835 11
935656.246375 1916194.89701 11
935656.257029 1916195.12992 11
935656.240481 1916195.28537 11
935656.242181 1916195.50725 11
935656.243626 1916195.69585 11
935656.245156 1916195.89554 11
935656.237732 1916196.08421 11
935656.239263 1916196.2839 11
935656.231838 1916196.47257 11
935656.242238 1916196.67219 11
935656.234729 1916196.84976 11
935656.245129 1916197.04939 11
935656.237789 1916197.24915 11
935656.239235 1916197.43775 11
935656.24068 1916197.62634 11
935656.233341 1916197.82611 11
935656.225916 1916198.01477 11
935656.218577 1916198.21453 11
935656.211238 1916198.41429 11
935656.203814 1916198.60296 11
935656.18769 1916198.81388 11
935656.180351 1916199.01364 11
935656.173097 1916199.2245 11
935656.219059 1916199.43494 11
935656.238414 1916199.64559 11
935656.204636 1916199.86774 11
935656.197212 1916200.05641 11
935656.189788 1916200.24508 11
935656.191403 1916200.45586 11
935656.175194 1916200.65569 11
935656.176555 1916200.8332 11
935656.195994 1916201.05494 11
935656.153347 1916201.27716 11
935656.172446 1916201.45453 11
935656.165107 1916201.65429 11
935656.157683 1916201.84296 11
935656.176782 1916202.02032 11
935656.160488 1916202.20906 11
935656.170888 1916202.40868 11
935656.172503 1916202.61947 11
935656.174033 1916202.81916 11
935656.166949 1916203.0522 11
935656.177434 1916203.26292 11
935656.179219 1916203.4959 11
935656.181005 1916203.72887 11
935656.17409 1916203.9841 11
935656.176046 1916204.23926 11
935656.178001 1916204.49443 11
935656.171172 1916204.76075 11
