955586.644773 1956860.99891 0
955586.554179 1956861.05935 0
955586.456891 1956861.12371 0
955586.369443 1956861.1895 0
955586.278849 1956861.24994 0
955586.191807 1956861.30109 0
955586.094514 1956861.36546 0
955586.010619 1956861.42196 0
955585.916877 1956861.47704 0
955585.832982 1956861.53354 0
955585.739241 1956861.58862 0
955585.655346 1956861.64512 0
955585.561605 1956861.70021 0
955585.464723 1956861.74994 0
955585.374129 1956861.81037 0
955585.287087 1956861.86152 0
955585.200045 1956861.91267 0
955585.112997 1956861.96382 0
955585.029507 1956862.00567 0
955584.942459 1956862.05682 0
955584.862117 1956862.10403 0
955584.771928 1956862.14983 0
955584.691579 1956862.19704 0
955584.601391 1956862.24284 0
955584.527735 1956862.28612 0
955584.440693 1956862.33727 0
955584.360345 1956862.38448 0
955584.263463 1956862.43421 0
955584.183114 1956862.48142 0
955584.086232 1956862.53115 0
955583.999184 1956862.5823 0
955583.902302 1956862.63203 0
955583.815261 1956862.68317 0
955583.721519 1956862.73826 0
955583.624638 1956862.78799 0
955583.524203 1956862.847 0
955583.427315 1956862.89673 0
955583.323334 1956862.96504 0
955583.213054 1956863.02264 0
955583.095681 1956863.09881 0
955582.985407 1956863.15641 0
955582.877873 1956863.234 0
955582.7542 1956863.29947 0
955582.64352 1956863.37171 0
955582.526147 1956863.44788 0
955582.419019 1956863.51083 0
955582.305193 1956863.57771 0
955582.207905 1956863.64208 0
955582.094478 1956863.69433 0
955581.99719 1956863.7587 0
955581.886916 1956863.8163 0
955581.796322 1956863.87673 0
955581.696293 1956863.92111 0
955581.602552 1956863.97619 0
955581.522209 1956864.0234 0
955581.422175 1956864.06778 0
955581.344973 1956864.12035 0
955581.257931 1956864.17149 0
955581.170889 1956864.22264 0
955581.10038 1956864.27127 0
955581.009786 1956864.33171 0
955580.935731 1956864.38963 0
955580.868369 1956864.44361 0
955580.808112 1956864.47902 0
955580.747443 1956864.52907 0
955580.690327 1956864.56984 0
955580.629664 1956864.61989 0
955580.579247 1956864.65672 0
955580.525677 1956864.68819 0
955580.481554 1956864.73573 0
955580.427584 1956864.78184 0
955580.380308 1956864.82402 0
955580.325933 1956864.88478 0
955580.268817 1956864.92555 0
955580.208154 1956864.9756 0
955580.160878 1956865.01778 0
955580.116748 1956865.06531 0
955580.072625 1956865.11285 0
955580.025349 1956865.15503 0
955579.981219 1956865.20256 0
955579.93709 1956865.2501 0
955579.892966 1956865.29763 0
955579.848837 1956865.34517 0
955579.798008 1956865.39664 0
955579.757025 1956865.44953 0
955579.706203 1956865.501 0
955579.661674 1956865.56317 0
955579.607298 1956865.62393 0
955579.562763 1956865.6861 0
955579.501695 1956865.75079 0
955579.450467 1956865.8169 0
955579.399238 1956865.88301 0
955579.354297 1956865.95983 0
955579.306621 1956866.01665 0
955579.25854 1956866.08811 0
955579.21441 1956866.13565 0
955579.163182 1956866.20176 0
955579.125346 1956866.26 0
955579.074517 1956866.31147 0
955579.036681 1956866.36971 0
955578.995699 1956866.4226 0
955578.957457 1956866.49548 0
955578.920027 1956866.53908 0
955578.875492 1956866.60126 0
955578.841202 1956866.65021 0
955578.783686 1956866.70561 0
955578.749397 1956866.75457 0
955578.711561 1956866.81281 0
955578.670578 1956866.8657 0
955578.629595 1956866.91858 0
955578.588613 1956866.97147 0
955578.544077 1956867.03365 0
955578.496401 1956867.09047 0
955578.445173 1956867.15658 0
955578.393945 1956867.22269 0
955578.349409 1956867.28487 0
955578.30488 1956867.34704 0
955578.253646 1956867.41315 0
955578.209117 1956867.47533 0
955578.161035 1956867.54679 0
955578.113353 1956867.60361 0
955578.065677 1956867.66043 0
955578.008155 1956867.71584 0
955577.970319 1956867.77408 0
955577.919497 1956867.82555 0
955577.881655 1956867.88379 0
955577.837531 1956867.93132 0
955577.789849 1956867.98815 0
955577.755566 1956868.0371 0
955577.711437 1956868.08464 0
955577.670859 1956868.12288 0
955577.629871 1956868.17577 0
955577.5826 1956868.21795 0
955577.534918 1956868.27478 0
955577.484096 1956868.32625 0
955577.43642 1956868.38307 0
955577.375351 1956868.44776 0
955577.327669 1956868.50458 0
955577.259902 1956868.57321 0
955577.198833 1956868.6379 0
955577.137765 1956868.70259 0
955577.076697 1956868.76728 0
955577.008929 1956868.83591 0
955576.94786 1956868.9006 0
955576.880093 1956868.96922 0
955576.815878 1956869.02856 0
955576.751257 1956869.10254 0
955576.687042 1956869.16188 0
955576.61928 1956869.2305 0
955576.558212 1956869.29519 0
955576.490444 1956869.36382 0
955576.41953 1956869.4271 0
955576.365161 1956869.48785 0
955576.294246 1956869.55112 0
955576.230031 1956869.61046 0
955576.162269 1956869.67909 0
955576.104747 1956869.73449 0
955576.02714 1956869.8017 0
955575.962519 1956869.87568 0
955575.878218 1956869.94682 0
955575.803757 1956870.01938 0
955575.651283 1956870.17379 0
955575.573276 1956870.25563 0
955575.501956 1956870.33355 0
955575.420802 1956870.41004 0
955575.349488 1956870.48795 0
955575.268328 1956870.56445 0
955575.20016 1956870.64772 0
955575.119 1956870.72421 0
955575.047686 1956870.80212 0
955574.96298 1956870.88791 0
955574.901911 1956870.9526 0
955574.817205 1956871.03838 0
955574.74629 1956871.10165 0
955574.674976 1956871.17957 0
955574.600515 1956871.25213 0
955574.529607 1956871.3154 0
955574.458692 1956871.37867 0
955574.384231 1956871.45123 0
955574.31647 1956871.51985 0
955574.245556 1956871.58313 0
955574.177794 1956871.65175 0
955574.110026 1956871.72038 0
955574.042259 1956871.78901 0
955573.97135 1956871.85228 0
955573.896889 1956871.92484 0
955573.832269 1956871.99882 0
955573.757808 1956872.07138 0
955573.686493 1956872.14929 0
955573.612033 1956872.22185 0
955573.537572 1956872.29441 0
955573.462705 1956872.38161 0
955573.394938 1956872.45024 0
955573.316924 1956872.53209 0
955573.239323 1956872.59929 0
955573.158162 1956872.67579 0
955573.083702 1956872.74835 0
955573.009241 1956872.82091 0
955572.93478 1956872.89347 0
955572.860319 1956872.96603 0
955572.782712 1956873.03324 0
955572.705104 1956873.10044 0
955572.631049 1956873.15836 0
955572.543601 1956873.22415 0
955572.46914 1956873.29671 0
955572.385245 1956873.35321 0
955572.300938 1956873.42435 0
955572.223337 1956873.49156 0
955572.139436 1956873.54806 0
955572.068527 1956873.61133 0
955571.981479 1956873.66248 0
955571.914123 1956873.71646 0
955571.830222 1956873.77297 0
955571.75302 1956873.82553 0
955571.688805 1956873.88487 0
955571.59821 1956873.94531 0
955571.527708 1956873.99394 0
955571.443806 1956874.05044 0
955571.383144 1956874.10049 0
955571.299243 1956874.15699 0
955571.241727 1956874.21239 0
955571.170812 1956874.27567 0
955571.11015 1956874.32572 0
955571.052628 1956874.38112 0
955570.998658 1956874.42724 0
955570.941142 1956874.48264 0
955570.877326 1956874.52734 0
955570.829651 1956874.58416 0
955570.768988 1956874.63421 0
955570.718159 1956874.68568 0
955570.66419 1956874.7318 0
955570.60038 1956874.77649 0
955570.556251 1956874.82403 0
955570.50898 1956874.86621 0
955570.464851 1956874.91374 0
955570.424274 1956874.95199 0
955570.376998 1956874.99417 0
955570.336421 1956875.03242 0
955570.285997 1956875.06925 0
955570.248567 1956875.11285 0
955570.201291 1956875.15503 0
955570.157567 1956875.18793 0
955570.103597 1956875.23404 0
955570.06302 1956875.27229 0
955570.012198 1956875.32376 0
955569.964921 1956875.36594 0
955569.917651 1956875.40812 0
955569.873522 1956875.45566 0
955569.826245 1956875.49784 0
955569.778975 1956875.54002 0
955569.731699 1956875.5822 0
955569.684423 1956875.62439 0
955569.637152 1956875.66656 0
955569.580036 1956875.70733 0
955569.546152 1956875.74164 0
955569.492183 1956875.78776 0
955569.451605 1956875.826 0
955569.397636 1956875.87212 0
955569.353912 1956875.90501 0
955569.306636 1956875.9472 0
955569.25936 1956875.98938 0
955569.208943 1956876.02621 0
955569.158526 1956876.06304 0
955569.108103 1956876.09987 0
955569.060832 1956876.14205 0
955569.010409 1956876.17888 0
955568.953293 1956876.21964 0
955568.902876 1956876.25647 0
955568.84576 1956876.29723 0
955568.795343 1956876.33406 0
955568.73508 1956876.36947 0
955568.684663 1956876.4063 0
955568.637386 1956876.44848 0
955568.573982 1956876.47853 0
955568.516866 1956876.5193 0
955568.462897 1956876.56541 0
955568.399487 1956876.59547 0
955568.345517 1956876.64159 0
955568.278561 1956876.68093 0
955568.221451 1956876.72169 0
955568.157636 1956876.76639 0
955568.090679 1956876.80574 0
955568.023317 1956876.85972 0
955567.956361 1956876.89907 0
955567.889005 1956876.95305 0
955567.815349 1956876.99633 0
955567.744847 1956877.04496 0
955567.680632 1956877.1043 0
955567.603829 1956877.14223 0
955567.546313 1956877.19763 0
955567.46637 1956877.2302 0
955567.395456 1956877.29348 0
955567.324953 1956877.34211 0
955567.257591 1956877.39609 0
955567.187082 1956877.44473 0
955567.113433 1956877.488 0
955567.049218 1956877.54734 0
955566.982261 1956877.58668 0
955566.9149 1956877.64067 0
955566.847538 1956877.69466 0
955566.783728 1956877.73935 0
955566.723059 1956877.78941 0
955566.652556 1956877.83804 0
955566.59544 1956877.8788 0
955566.528078 1956877.93278 0
955566.464269 1956877.97748 0
955566.4036 1956878.02753 0
955566.329951 1956878.07081 0
955566.269288 1956878.12086 0
955566.192086 1956878.17343 0
955566.118025 1956878.23135 0
955566.03413 1956878.28785 0
955565.953375 1956878.3497 0
955565.866333 1956878.40085 0
955565.772193 1956878.47057 0
955565.681598 1956878.53101 0
955565.591004 1956878.59144 0
955565.503556 1956878.65723 0
955565.416108 1956878.72302 0
955565.325514 1956878.78346 0
955565.247906 1956878.85066 0
955565.167158 1956878.91252 0
955565.086403 1956878.97437 0
955565.015089 1956879.05228 0
955564.941034 1956879.1102 0
955564.87012 1956879.17348 0
955564.792512 1956879.24068 0
955564.718051 1956879.31324 0
955564.643996 1956879.37116 0
955564.566388 1956879.43837 0
955564.499026 1956879.49236 0
955564.431265 1956879.56098 0
955564.357203 1956879.6189 0
955564.279602 1956879.68611 0
955564.205541 1956879.74403 0
955564.124792 1956879.80588 0
955564.047184 1956879.87309 0
955563.973129 1956879.93101 0
955563.885681 1956879.99679 0
955563.80848 1956880.04936 0
955563.724579 1956880.10586 0
955563.64383 1956880.16771 0
955563.569769 1956880.22564 0
955563.489426 1956880.27285 0
955563.415365 1956880.33077 0
955563.33147 1956880.38727 0
955563.251121 1956880.43448 0
955563.180213 1956880.49775 0
955563.093165 1956880.5489 0
955563.012416 1956880.61076 0
955562.928515 1956880.66726 0
955562.847767 1956880.72911 0
955562.75362 1956880.79883 0
955562.669725 1956880.85533 0
955562.581871 1956880.93576 0
955562.497976 1956880.99226 0
955562.403829 1956881.06199 0
955562.319528 1956881.13313 0
955562.222241 1956881.1975 0
955562.14778 1956881.27006 0
955562.050486 1956881.33443 0
955561.959898 1956881.39486 0
955561.878738 1956881.47136 0
955561.777897 1956881.54502 0
955561.69045 1956881.6108 0
955561.592756 1956881.68981 0
955561.512008 1956881.75167 0
955561.408021 1956881.81997 0
955561.324126 1956881.87647 0
955561.223286 1956881.95013 0
955561.142531 1956882.01198 0
955561.04839 1956882.08171 0
955560.964489 1956882.13821 0
955560.870348 1956882.20793 0
955560.779754 1956882.26837 0
955560.692306 1956882.33415 0
955560.614699 1956882.40136 0
955560.517411 1956882.46573 0
955560.446497 1956882.529 0
955560.352356 1956882.59873 0
955560.2783 1956882.65664 0
955560.197546 1956882.7185 0
955560.113651 1956882.775 0
955560.036043 1956882.84221 0
955559.952142 1956882.89871 0
955559.87454 1956882.96591 0
955559.787093 1956883.0317 0
955559.702786 1956883.10285 0
955559.615338 1956883.16863 0
955559.524344 1956883.24371 0
955559.423504 1956883.31736 0
955559.326216 1956883.38173 0
955559.232069 1956883.45146 0
955559.128082 1956883.51976 0
955559.030389 1956883.59877 0
955558.936248 1956883.6685 0
955558.838555 1956883.74751 0
955558.744414 1956883.81723 0
955558.633728 1956883.88947 0
955558.549427 1956883.96061 0
955558.452139 1956884.02498 0
955558.367839 1956884.09612 0
955558.277244 1956884.15655 0
955558.196489 1956884.21841 0
955558.109042 1956884.2842 0
955558.021594 1956884.34999 0
955557.924306 1956884.41435 0
955557.836859 1956884.48014 0
955557.742718 1956884.54986 0
955557.638731 1956884.61817 0
955557.551284 1956884.68396 0
955557.447297 1956884.75226 0
955557.350009 1956884.81663 0
955557.249169 1956884.89029 0
955557.138489 1956884.96253 0
955557.037649 1956885.03619 0
955556.926969 1956885.10842 0
955556.819435 1956885.18602 0
955556.708755 1956885.25825 0
955556.604768 1956885.32656 0
955556.484248 1956885.39738 0
955556.370421 1956885.46426 0
955556.262888 1956885.54186 0
955556.152208 1956885.61409 0
955556.031688 1956885.68491 0
955555.917861 1956885.7518 0
955555.804034 1956885.81869 0
955555.693354 1956885.89092 0
955555.579527 1956885.95781 0
955555.469253 1956886.01541 0
955555.352279 1956886.07694 0
955555.245151 1956886.13989 0
955555.138018 1956886.20284 0
955555.03089 1956886.26579 0
955554.927309 1956886.31946 0
955554.823328 1956886.38776 0
955554.722894 1956886.44678 0
955554.622459 1956886.50579 0
955554.525571 1956886.55552 0
955554.42199 1956886.60919 0
955554.328255 1956886.66427 0
955554.234514 1956886.71935 0
955554.137632 1956886.76908 0
955554.037197 1956886.82809 0
955553.94031 1956886.87783 0
955553.839875 1956886.93684 0
955553.739441 1956886.99586 0
955553.63586 1956887.04952 0
955553.542124 1956887.1046 0
955553.44169 1956887.16362 0
955553.344396 1956887.22799 0
955553.240821 1956887.28165 0
955553.140387 1956887.34067 0
955553.0364 1956887.40897 0
955552.932819 1956887.46264 0
955552.832384 1956887.52166 0
955552.725656 1956887.56997 0
955552.635068 1956887.6304 0
955552.524788 1956887.688 0
955552.434199 1956887.74843 0
955552.330618 1956887.8021 0
955552.236877 1956887.85718 0
955552.133296 1956887.91084 0
955552.039561 1956887.96592 0
955551.94582 1956888.02101 0
955551.845791 1956888.06538 0
955551.745356 1956888.1244 0
955551.648469 1956888.17413 0
955551.561427 1956888.22528 0
955551.461398 1956888.26965 0
955551.370804 1956888.33009 0
955551.273921 1956888.37982 0
955551.183733 1956888.42561 0
955551.086845 1956888.47534 0
955550.989963 1956888.52507 0
955550.893075 1956888.5748 0
955550.809585 1956888.61666 0
955550.712698 1956888.66639 0
955550.625656 1956888.71754 0
955550.528774 1956888.76726 0
955550.438585 1956888.81306 0
955550.338151 1956888.87208 0
955550.257802 1956888.91929 0
955550.147527 1956888.97689 0
955550.057339 1956889.02268 0
955549.960451 1956889.07241 0
955549.860017 1956889.13143 0
955549.772975 1956889.18258 0
955549.669393 1956889.23624 0
955549.575652 1956889.29132 0
955549.481917 1956889.3464 0
955549.381483 1956889.40542 0
955549.287742 1956889.4605 0
955549.190859 1956889.51023 0
955549.097118 1956889.56531 0
955548.989991 1956889.62826 0
955548.89625 1956889.68335 0
955548.795815 1956889.74236 0
955548.692234 1956889.79603 0
955548.598093 1956889.86575 0
955548.490959 1956889.9287 0
955548.390525 1956889.98772 0
955548.290091 1956890.04674 0
955548.18611 1956890.11504 0
955548.085675 1956890.17405 0
955547.974995 1956890.24629 0
955547.871008 1956890.3146 0
955547.767021 1956890.3829 0
955547.659894 1956890.44585 0
955547.55276 1956890.50881 0
955547.445633 1956890.57176 0
955547.348345 1956890.63612 0
955547.234518 1956890.70301 0
955547.13723 1956890.76738 0
955547.020257 1956890.82891 0
955546.926516 1956890.884 0
955546.809548 1956890.94553 0
955546.715807 1956891.00061 0
955546.611826 1956891.06891 0
955546.508245 1956891.12258 0
955546.404664 1956891.17624 0
955546.301083 1956891.2299 0
955546.207341 1956891.28499 0
955546.106907 1956891.344 0
955546.000185 1956891.39231 0
955545.893052 1956891.45527 0
955545.80601 1956891.50641 0
955545.689036 1956891.56795 0
955545.601994 1956891.61909 0
955545.491719 1956891.67669 0
955545.397979 1956891.73177 0
955545.290851 1956891.79472 0
955545.190416 1956891.85374 0
955545.086835 1956891.9074 0
955544.979708 1956891.97035 0
955544.876126 1956892.02402 0
955544.765852 1956892.08162 0
955544.662271 1956892.13528 0
955544.555137 1956892.19823 0
955544.44801 1956892.26118 0
955544.337735 1956892.31878 0
955544.230602 1956892.38173 0
955544.12702 1956892.4354 0
955544.010053 1956892.49693 0
955543.899779 1956892.55452 0
955543.789498 1956892.61212 0
955543.682371 1956892.67507 0
955543.575237 1956892.73803 0
955543.461816 1956892.79027 0
955543.354688 1956892.85322 0
955543.237715 1956892.91476 0
955543.130587 1956892.97771 0
955543.013614 1956893.03924 0
955542.903339 1956893.09684 0
955542.793065 1956893.15443 0
955542.68279 1956893.21203 0
955542.565817 1956893.27356 0
955542.455542 1956893.33116 0
955542.342121 1956893.38341 0
955542.241687 1956893.44242 0
955542.121566 1956893.4986 0
955542.011292 1956893.5562 0
955541.904164 1956893.61915 0
955541.800583 1956893.67282 0
955541.686756 1956893.7397 0
955541.583175 1956893.79337 0
955541.472901 1956893.85096 0
955541.362627 1956893.90856 0
955541.259046 1956893.96222 0
955541.148771 1956894.01982 0
955541.04519 1956894.07349 0
955540.931769 1956894.12573 0
955540.824635 1956894.18868 0
955540.714361 1956894.24628 0
955540.5911 1956894.29711 0
955540.493812 1956894.36148 0
955540.373692 1956894.41766 0
955540.256724 1956894.47919 0
955540.15629 1956894.5382 0
955540.032623 1956894.60367 0
955539.932188 1956894.66269 0
955539.811663 1956894.73351 0
955539.695101 1956894.7804 0
955539.581274 1956894.84728 0
955539.47414 1956894.91024 0
955539.380405 1956894.96532 0
955539.273271 1956895.02827 0
955539.172837 1956895.08729 0
955538.968821 1956895.19997 0
955538.868387 1956895.25898 0
955538.771099 1956895.32335 0
955538.667518 1956895.37702 0
955538.570231 1956895.44139 0
955538.476489 1956895.49647 0
955538.382754 1956895.55155 0
955538.289013 1956895.60663 0
955538.188579 1956895.66565 0
955538.101537 1956895.7168 0
955537.99755 1956895.7851 0
955537.900668 1956895.83483 0
955537.797087 1956895.88849 0
955537.710045 1956895.93964 0
955537.606464 1956895.9933 0
955537.522562 1956896.04981 0
955537.41584 1956896.09812 0
955537.328799 1956896.14926 0
955537.231911 1956896.19899 0
955537.141722 1956896.24479 0
955537.047987 1956896.29987 0
955536.947952 1956896.34425 0
955536.86091 1956896.39539 0
955536.757329 1956896.44906 0
955536.650607 1956896.49737 0
955536.553719 1956896.5471 0
955536.456838 1956896.59683 0
955536.359949 1956896.64656 0
955536.253227 1956896.69486 0
955536.15634 1956896.7446 0
955536.052765 1956896.79826 0
955535.95273 1956896.84264 0
955535.855848 1956896.89236 0
955535.74912 1956896.94068 0
955535.645539 1956896.99434 0
955535.548657 1956897.04407 0
955535.451775 1956897.09379 0
955535.361586 1956897.13959 0
955535.258005 1956897.19325 0
955535.167817 1956897.23905 0
955535.074075 1956897.29413 0
955534.987034 1956897.34528 0
955534.899992 1956897.39643 0
955534.816496 1956897.43829 0
955534.736147 1956897.4855 0
955534.652658 1956897.52736 0
955534.572309 1956897.57457 0
955534.491961 1956897.62179 0
955534.404919 1956897.67293 0
955534.327717 1956897.7255 0
955534.244221 1956897.76736 0
955534.173712 1956897.816 0
955534.083524 1956897.86179 0
955533.999628 1956897.91829 0
955533.905887 1956897.97337 0
955533.818846 1956898.02452 0
955533.725104 1956898.0796 0
955533.631369 1956898.13468 0
955533.544327 1956898.18583 0
955533.443893 1956898.24485 0
955533.350151 1956898.29993 0
955533.25641 1956898.35501 0
955533.162675 1956898.41009 0
955533.068934 1956898.46518 0
955532.972052 1956898.5149 0
955532.781429 1956898.61972 0
955532.70108 1956898.66693 0
955532.594353 1956898.71524 0
955532.504164 1956898.76104 0
955532.404135 1956898.80541 0
955532.313946 1956898.85121 0
955532.213512 1956898.91022 0
955532.120177 1956898.95067 0
955532.019742 1956899.00968 0
955531.919714 1956899.05406 0
955531.825972 1956899.10914 0
955531.719251 1956899.15745 0
955531.622363 1956899.20718 0
955531.518376 1956899.27549 0
955531.4219 1956899.31057 0
955531.311625 1956899.36817 0
955531.221437 1956899.41396 0
955531.124143 1956899.47834 0
955531.014274 1956899.52129 0
955530.916987 1956899.58566 0
955530.826798 1956899.63146 0
955530.723217 1956899.68512 0
955530.629476 1956899.7402 0
955530.532188 1956899.80457 0
955530.438853 1956899.84501 0
955530.345117 1956899.90009 0
955530.258069 1956899.95124 0
955530.164335 1956900.00632 0
955530.090679 1956900.04961 0
955529.996944 1956900.10469 0
955529.916595 1956900.1519 0
955529.826406 1956900.19769 0
955529.746058 1956900.24491 0
955529.668855 1956900.29747 0
955529.57552 1956900.33792 0
955529.498318 1956900.39048 0
955529.417969 1956900.4377 0
955529.34432 1956900.48097 0
955529.257678 1956900.51748 0
955529.180476 1956900.57005 0
955529.073754 1956900.61836 0
955528.973725 1956900.66273 0
955528.866592 1956900.72569 0
955528.753171 1956900.77793 0
955528.636603 1956900.82482 0
955528.526329 1956900.88242 0
955528.419601 1956900.93073 0
955528.316026 1956900.98439 0
955528.209298 1956901.03271 0
955528.105717 1956901.08637 0
955527.998995 1956901.13468 0
955527.892267 1956901.18299 0
955527.798931 1956901.22343 0
955527.688657 1956901.28103 0
955527.598063 1956901.34147 0
955527.488194 1956901.38442 0
955527.388159 1956901.4288 0
955527.284584 1956901.48246 0
955527.177856 1956901.53077 0
955527.060883 1956901.59231 0
955526.954161 1956901.64061 0
955526.830894 1956901.69144 0
955526.697793 1956901.74085 0
955526.567832 1956901.79561 0
955526.437878 1956901.85037 0
955526.314617 1956901.9012 0
955526.181104 1956901.96525 0
955526.057843 1956902.01607 0
955525.937729 1956902.07225 0
955525.814462 1956902.12308 0
955525.697494 1956902.18461 0
955525.576974 1956902.25543 0
955525.456854 1956902.31161 0
955525.34658 1956902.36921 0
955525.222913 1956902.43468 0
955525.115779 1956902.49763 0
955524.992112 1956902.5631 0
955524.891678 1956902.62211 0
955524.777857 1956902.68899 0
955524.667983 1956902.73195 0
955524.554156 1956902.79884 0
955524.440734 1956902.85108 0
955524.32062 1956902.90726 0
955524.217039 1956902.96093 0
955524.106765 1956903.01852 0
955524.003184 1956903.07219 0
955523.899603 1956903.12585 0
955523.783035 1956903.17275 0
955523.686153 1956903.22247 0
955523.576284 1956903.26543 0
955523.479397 1956903.31516 0
955523.382914 1956903.35025 0
955523.286032 1956903.39998 0
955523.199396 1956903.43648 0
955523.109208 1956903.48228 0
955523.016278 1956903.50808 0
955522.935929 1956903.55529 0
955522.855986 1956903.58787 0
955522.772896 1956903.61509 0
955522.686261 1956903.65159 0
955522.619704 1956903.6763 0
955522.542908 1956903.71422 0
955522.466517 1956903.73751 0
955522.389715 1956903.77544 0
955522.333005 1956903.80156 0
955522.259761 1956903.8302 0
955522.199903 1956903.85097 0
955522.133353 1956903.87567 0
955522.066802 1956903.90037 0
955521.990406 1956903.92366 0
955521.917162 1956903.9523 0
955521.83052 1956903.98881 0
955521.743884 1956904.02531 0
955521.627722 1956904.05756 0
955521.530834 1956904.10729 0
955521.424512 1956904.14096 0
955521.314643 1956904.18392 0
955521.218161 1956904.21901 0
955521.121279 1956904.26874 0
955521.021656 1956904.29847 0
955520.921622 1956904.34285 0
955520.831839 1956904.374 0
955520.738504 1956904.41445 0
955520.658561 1956904.44702 0
955520.565231 1956904.48746 0
955520.485288 1956904.52003 0
955520.405339 1956904.55261 0
955520.328949 1956904.57589 0
955520.249006 1956904.60846 0
955520.172209 1956904.64639 0
955520.09896 1956904.67503 0
955520.028857 1956904.70902 0
955519.958354 1956904.75765 0
955519.881958 1956904.78094 0
955519.808308 1956904.82422 0
955519.731512 1956904.86214 0
955519.641323 1956904.90793 0
955519.557828 1956904.9498 0
955519.457799 1956904.99417 0
955519.270723 1956905.0897 0
955519.173841 1956905.13943 0
955519.0801 1956905.19451 0
955518.980071 1956905.23888 0
955518.893435 1956905.27539 0
955518.803246 1956905.32118 0
955518.709911 1956905.36163 0
955518.626415 1956905.40349 0
955518.542926 1956905.44535 0
955518.449591 1956905.48579 0
955518.366095 1956905.52765 0
955518.282606 1956905.56951 0
955518.205804 1956905.60744 0
955518.125461 1956905.65465 0
955518.045518 1956905.68722 0
955517.975415 1956905.72121 0
955517.901759 1956905.76449 0
955517.831656 1956905.79849 0
955517.76156 1956905.83247 0
955517.694603 1956905.87182 0
955517.617801 1956905.90975 0
955517.553991 1956905.95444 0
955517.477195 1956905.99237 0
955517.396847 1956906.03958 0
955517.309805 1956906.09073 0
955517.226309 1956906.13259 0
955517.139267 1956906.18374 0
955517.045526 1956906.23882 0
955516.951791 1956906.2939 0
955516.86789 1956906.3504 0
955516.780848 1956906.40155 0
955516.693806 1956906.4527 0
955516.600065 1956906.50778 0
955516.522863 1956906.56035 0
955516.432674 1956906.60614 0
955516.355472 1956906.65871 0
955516.271577 1956906.71521 0
955516.197921 1956906.75849 0
955516.120719 1956906.81106 0
955516.050217 1956906.85969 0
955515.976156 1956906.91761 0
955515.902506 1956906.96089 0
955515.825304 1956907.01345 0
955515.758348 1956907.0528 0
955515.677593 1956907.11465 0
955515.607091 1956907.16328 0
955515.526336 1956907.22514 0
955515.438888 1956907.29092 0
955515.358134 1956907.35278 0
955515.280532 1956907.41998 0
955515.193484 1956907.47113 0
955515.115883 1956907.53834 0
955515.041821 1956907.59626 0
955514.954374 1956907.66205 0
955514.883465 1956907.72532 0
955514.792871 1956907.78575 0
955514.728656 1956907.84509 0
955514.638061 1956907.90553 0
955514.570299 1956907.97415 0
955514.483251 1956908.0253 0
955514.412343 1956908.08857 0
955514.334735 1956908.15578 0
955514.25084 1956908.21228 0
955514.176379 1956908.28484 0
955514.095624 1956908.34669 0
955514.03415 1956908.42603 0
955513.95106 1956908.45325 0
955513.876194 1956908.54045 0
955513.815125 1956908.60514 0
955513.737517 1956908.67234 0
955513.663462 1956908.73026 0
955513.599247 1956908.7896 0
955513.541319 1956908.85965 0
955513.474363 1956908.89899 0
955513.399902 1956908.97155 0
955513.348673 1956909.03766 0
955513.274618 1956909.09558 0
955513.216696 1956909.16562 0
955513.139088 1956909.23283 0
955513.084713 1956909.29359 0
955513.010252 1956909.36615 0
955512.939343 1956909.42942 0
955512.884562 1956909.50482 0
955512.806954 1956909.57202 0
955512.762019 1956909.64884 0
955512.691105 1956909.71211 0
955512.626484 1956909.78609 0
955512.561863 1956909.86007 0
955512.500388 1956909.9394 0
955512.432627 1956910.00802 0
955512.377845 1956910.08342 0
955512.319924 1956910.15346 0
955512.255302 1956910.22744 0
955512.190682 1956910.30142 0
955512.142599 1956910.37288 0
955512.077979 1956910.44686 0
955512.026344 1956910.52761 0
955511.971969 1956910.58837 0
955511.92074 1956910.65448 0
955511.872658 1956910.72594 0
955511.824576 1956910.7974 0
955511.783188 1956910.86493 0
955511.738652 1956910.92711 0
955511.697264 1956910.99464 0
955511.649588 1956911.05146 0
955511.618445 1956911.10577 0
955511.580608 1956911.164 0
955511.536073 1956911.22618 0
955511.508077 1956911.28584 0
955511.473793 1956911.33479 0
955511.435951 1956911.39303 0
955511.401667 1956911.44199 0
955511.367378 1956911.49094 0
955511.336234 1956911.54525 0
955511.308644 1956911.59027 0
955511.287747 1956911.63135 0
955511.25701 1956911.67102 0
955511.229419 1956911.71603 0
955511.205375 1956911.75177 0
955511.181337 1956911.7875 0
955511.160846 1956911.81394 0
955511.136802 1956911.84967 0
955511.119863 1956911.86683 0
955511.095819 1956911.90256 0
955511.072181 1956911.92365 0
955511.058389 1956911.94616 0
955511.044591 1956911.96867 0
955511.030792 1956911.99118 0
955511.020547 1956912.0044 0
955511.013448 1956912.02298 0
955511.003202 1956912.0362 0
955510.992956 1956912.04942 0
955510.98941 1956912.0587 0
955510.985857 1956912.06799 0
955510.972465 1956912.07586 0
955510.975611 1956912.08122 0
955510.968918 1956912.08515 0
955510.968918 1956912.08515 0
955510.962219 1956912.08909 0
955510.965366 1956912.09444 0
955510.965366 1956912.09444 0
955510.962219 1956912.08909 0
955510.962219 1956912.08909 0
955510.965366 1956912.09444 0
955510.962219 1956912.08909 0
955510.965366 1956912.09444 0
955510.965366 1956912.09444 0
955510.965366 1956912.09444 0
955510.972059 1956912.0905 0
955510.968918 1956912.08515 0
955510.972059 1956912.0905 0
955510.968918 1956912.08515 0
955510.968918 1956912.08515 0
955510.968918 1956912.08515 0
955510.968918 1956912.08515 0
955510.968918 1956912.08515 0
955510.968918 1956912.08515 0
955510.968918 1956912.08515 0
955510.968918 1956912.08515 0
955510.968918 1956912.08515 0
955510.968918 1956912.08515 0
955510.968918 1956912.08515 0
955510.968918 1956912.08515 0
955510.975611 1956912.08122 0
955510.975611 1956912.08122 0
955510.968918 1956912.08515 0
955510.975611 1956912.08122 0
955510.968918 1956912.08515 0
955510.975611 1956912.08122 0
955510.968918 1956912.08515 0
955510.968918 1956912.08515 0
955510.968918 1956912.08515 0
955510.975611 1956912.08122 0
955510.968918 1956912.08515 0
955510.968918 1956912.08515 0
955510.968918 1956912.08515 0
955510.968918 1956912.08515 0
955510.968918 1956912.08515 0
955510.968918 1956912.08515 0
955510.975611 1956912.08122 0
955510.968918 1956912.08515 0
955510.975611 1956912.08122 0
955510.968918 1956912.08515 0
955510.968918 1956912.08515 0
955510.968918 1956912.08515 0
955510.968918 1956912.08515 0
955510.968918 1956912.08515 0
955510.972059 1956912.0905 0
955510.968918 1956912.08515 0
955510.968918 1956912.08515 0
955510.968918 1956912.08515 0
955510.968918 1956912.08515 0
955510.968918 1956912.08515 0
955510.968918 1956912.08515 0
955510.975611 1956912.08122 0
955510.968918 1956912.08515 0
955510.968918 1956912.08515 0
955510.975611 1956912.08122 0
955510.975611 1956912.08122 0
955510.975611 1956912.08122 0
955510.975611 1956912.08122 0
955510.965366 1956912.09444 0
955510.961813 1956912.10373 0
955510.944874 1956912.12088 0
955510.921236 1956912.14197 0
955510.903891 1956912.17377 0
955510.879847 1956912.2095 0
955510.855404 1956912.25987 0
955510.817567 1956912.31811 0
955510.779725 1956912.37636 0
955510.741483 1956912.44924 0
955510.696548 1956912.52605 0
955510.661047 1956912.61892 0
955510.625952 1956912.69716 0
955510.587304 1956912.78468 0
955510.565196 1956912.86968 0
955510.536794 1956912.94398 0
955510.524525 1956913.03041 0
955510.49927 1956913.11006 0
955510.483855 1956913.19113 0
955510.468439 1956913.27221 0
955510.456576 1956913.34399 0
955510.451001 1956913.42648 0
955510.442285 1956913.50362 0
955510.433563 1956913.58075 0
955510.431134 1956913.6686 0
955510.422418 1956913.74573 0
955510.41015 1956913.83216 0
955510.404574 1956913.91465 0
955510.392306 1956914.00107 0
955510.389877 1956914.08892 0
955510.374056 1956914.18463 0
955510.364934 1956914.27641 0
955510.358553 1956914.38817 0
955510.342326 1956914.49853 0
955510.332799 1956914.60495 0
955510.326418 1956914.71672 0
955510.320037 1956914.82849 0
955510.310509 1956914.9349 0
955510.313968 1956915.04809 0
955510.301294 1956915.14916 0
955510.304753 1956915.26235 0
955510.301918 1956915.36483 0
955510.30223 1956915.47267 0
955510.296255 1956915.5698 0
955510.299714 1956915.68299 0
955510.307126 1956915.77225 0
955510.307438 1956915.88009 0
955510.311303 1956915.97864 0
955510.311615 1956916.08647 0
955510.332013 1956916.18251 0
955510.329185 1956916.28499 0
955510.342889 1956916.38495 0
955510.359735 1956916.49028 0
955510.3636 1956916.58883 0
955510.390291 1956916.69556 0
955510.39375 1956916.80875 0
955510.414148 1956916.90479 0
955510.434146 1956917.01546 0
955510.457691 1956917.11685 0
955510.481236 1956917.21823 0
955510.504375 1956917.33426 0
955510.531066 1956917.441 0
955510.554211 1956917.55702 0
955510.580497 1956917.6784 0
955510.620574 1956917.77728 0
955510.64686 1956917.89866 0
955510.680251 1956918.00146 0
955510.720335 1956918.10033 0
955510.750167 1956918.21242 0
955510.783957 1956918.30059 0
955510.829929 1956918.4248 0
955510.860167 1956918.52226 0
955510.909691 1956918.63718 0
955510.946622 1956918.7307 0
955510.989853 1956918.83493 0
955511.036629 1956918.92986 0
955511.0897 1956919.0355 0
955511.129784 1956919.13437 0
955511.179702 1956919.23466 0
955511.229626 1956919.33495 0
955511.27955 1956919.43524 0
955511.333026 1956919.52624 0
955511.38609 1956919.63189 0
955511.439567 1956919.72289 0
955511.49933 1956919.82459 0
955511.546108 1956919.91953 0
955511.606277 1956920.0066 0
955511.656201 1956920.10689 0
955511.702978 1956920.20182 0
955511.759601 1956920.29817 0
955511.796532 1956920.39169 0
955511.853155 1956920.48805 0
955511.896786 1956920.57763 0
955511.943563 1956920.67257 0
955511.984053 1956920.75679 0
955512.027683 1956920.84638 0
955512.067767 1956920.94525 0
955512.11495 1956921.02554 0
955512.161727 1956921.12048 0
955512.205357 1956921.21006 0
955512.245847 1956921.29429 0
955512.286331 1956921.37852 0
955512.33666 1956921.46417 0
955512.374003 1956921.54305 0
955512.424327 1956921.6287 0
955512.464816 1956921.71293 0
955512.508447 1956921.80251 0
955512.562329 1956921.87887 0
955512.59926 1956921.97239 0
955512.649995 1956922.0434 0
955512.693626 1956922.13298 0
955512.734115 1956922.21721 0
955512.784844 1956922.28822 0
955512.828481 1956922.3778 0
955512.879211 1956922.44881 0
955512.926393 1956922.5291 0
955512.970024 1956922.61869 0
955513.014066 1956922.69363 0
955513.05455 1956922.77786 0
955513.098586 1956922.8528 0
955513.135929 1956922.93168 0
955513.176412 1956923.01591 0
955513.220455 1956923.09085 0
955513.254245 1956923.17901 0
955513.298281 1956923.25396 0
955513.338765 1956923.33819 0
955513.376108 1956923.41706 0
955513.426437 1956923.50271 0
955513.470067 1956923.59229 0
955513.510557 1956923.67652 0
955513.55774 1956923.75682 0
955513.588384 1956923.83963 0
955513.63242 1956923.91457 0
955513.67291 1956923.9988 0
955513.710246 1956924.07768 0
955513.757429 1956924.15798 0
955513.788073 1956924.24079 0
955513.832115 1956924.31573 0
955513.869452 1956924.39461 0
955513.913089 1956924.48419 0
955513.953978 1956924.55378 0
955513.994461 1956924.63801 0
955514.038504 1956924.71295 0
955514.08254 1956924.78789 0
955514.129723 1956924.86819 0
955514.170206 1956924.95242 0
955514.220536 1956925.03807 0
955514.264572 1956925.11301 0
955514.311349 1956925.20795 0
955514.365225 1956925.28431 0
955514.415149 1956925.3846 0
955514.465479 1956925.47024 0
955514.512256 1956925.56518 0
955514.552745 1956925.64941 0
955514.603069 1956925.73506 0
955514.640006 1956925.82858 0
955514.690336 1956925.91422 0
955514.73082 1956925.99845 0
955514.771309 1956926.08268 0
955514.818492 1956926.16298 0
955514.852282 1956926.25114 0
955514.902612 1956926.33679 0
955514.936403 1956926.42496 0
955514.980033 1956926.51454 0
955515.024069 1956926.58948 0
955515.064558 1956926.67371 0
955515.114882 1956926.75936 0
955515.158518 1956926.84894 0
955515.199002 1956926.93317 0
955515.245779 1956927.02811 0
955515.286269 1956927.11234 0
955515.333046 1956927.20727 0
955515.380229 1956927.28757 0
955515.423859 1956927.37715 0
955515.477336 1956927.46815 0
955515.524519 1956927.54845 0
955515.577989 1956927.63945 0
955515.628318 1956927.7251 0
955515.681789 1956927.8161 0
955515.732119 1956927.90175 0
955515.782448 1956927.9874 0
955515.832772 1956928.07305 0
955515.883101 1956928.1587 0
955515.936977 1956928.23506 0
955515.986901 1956928.33535 0
955516.040783 1956928.4117 0
955516.091107 1956928.49736 0
955516.13829 1956928.57765 0
955516.191766 1956928.66865 0
955516.238949 1956928.74895 0
955516.292419 1956928.83995 0
955516.346295 1956928.91631 0
955516.389932 1956929.00589 0
955516.440661 1956929.0769 0
955516.490991 1956929.16255 0
955516.544867 1956929.23891 0
955516.595602 1956929.30992 0
955516.645932 1956929.39556 0
955516.696661 1956929.46657 0
955516.767077 1956929.54042 0
955516.814665 1956929.60607 0
955516.875234 1956929.6785 0
955516.93581 1956929.75093 0
955516.993239 1956929.818 0
955517.056961 1956929.89578 0
955517.121082 1956929.95892 0
955517.191498 1956930.03276 0
955517.258766 1956930.10126 0
955517.329182 1956930.1751 0
955517.41613 1956930.24643 0
955517.486546 1956930.32028 0
955517.570354 1956930.38625 0
955517.657302 1956930.45758 0
955517.74111 1956930.52356 0
955517.824918 1956930.58954 0
955517.911866 1956930.66087 0
955517.999226 1956930.71755 0
955518.070041 1956930.77676 0
955518.180634 1956930.827 0
955518.257743 1956930.89691 0
955518.345503 1956930.93896 0
955518.439557 1956930.99171 0
955518.520218 1956931.05233 0
955518.601279 1956931.09832 0
955518.682346 1956931.1443 0
955518.770105 1956931.18635 0
955518.861012 1956931.23375 0
955518.945632 1956931.27045 0
955519.016853 1956931.31501 0
955519.111312 1956931.35312 0
955519.189632 1956931.37912 0
955519.284091 1956931.41723 0
955519.365558 1956931.44857 0
955519.466711 1956931.48275 0
955519.564717 1956931.51158 0
955519.659582 1956931.53505 0
955519.767428 1956931.5653 0
955519.865839 1956931.57948 0
955519.974091 1956931.59509 0
955520.081942 1956931.62533 0
955520.190194 1956931.64094 0
955520.301592 1956931.66189 0
955520.409844 1956931.6775 0
955520.528341 1956931.67988 0
955520.63974 1956931.70084 0
955520.764931 1956931.69929 0
955520.876735 1956931.70561 0
955520.985392 1956931.70657 0
955521.110589 1956931.70502 0
955521.216099 1956931.70063 0
955521.33145 1956931.69766 0
955521.43382 1956931.68792 0
955521.542478 1956931.68888 0
955521.644842 1956931.67914 0
955521.757052 1956931.67082 0
955521.852722 1956931.66501 0
955521.978319 1956931.64882 0
955522.077536 1956931.63373 0
955522.183453 1956931.6147 0
955522.286228 1956931.59031 0
955522.405131 1956931.57805 0
955522.511854 1956931.52975 0
955522.62761 1956931.51214 0
955522.72054 1956931.48634 0
955522.830009 1956931.45802 0
955522.930038 1956931.41364 0
955523.023779 1956931.35856 0
955523.136795 1956931.32096 0
955523.233277 1956931.28587 0
955523.336453 1956931.24684 0
955523.433334 1956931.19712 0
955523.53651 1956931.15809 0
955523.636945 1956931.09908 0
955523.746414 1956931.07076 0
955523.834267 1956930.99033 0
955523.944136 1956930.94738 0
955524.028032 1956930.89088 0
955524.138312 1956930.83328 0
955524.235194 1956930.78355 0
955524.335629 1956930.72453 0
955524.429371 1956930.66945 0
955524.532546 1956930.63043 0
955524.625882 1956930.58999 0
955524.729457 1956930.53632 0
955524.829492 1956930.49195 0
955524.932667 1956930.45292 0
955525.023256 1956930.39249 0
955525.133131 1956930.34953 0
955525.230013 1956930.29981 0
955525.336741 1956930.25149 0
955525.43677 1956930.20712 0
955525.533658 1956930.15739 0
955525.643527 1956930.11443 0
955525.743962 1956930.05542 0
955525.837297 1956930.01497 0
955525.947572 1956929.95738 0
955526.0476 1956929.913 0
955526.164574 1956929.85147 0
955526.284283 1956929.80993 0
955526.371731 1956929.74414 0
955526.478459 1956929.69583 0
955526.575347 1956929.6461 0
955526.678922 1956929.59244 0
955526.779357 1956929.53343 0
955526.892778 1956929.48118 0
955526.983779 1956929.4061 0
955527.073968 1956929.36031 0
955527.161416 1956929.29452 0
955527.264997 1956929.24086 0
955527.349298 1956929.16972 0
955527.458767 1956929.1414 0
955527.549762 1956929.06633 0
955527.643503 1956929.01124 0
955527.740385 1956928.96152 0
955527.837679 1956928.89715 0
955527.94166 1956928.82884 0
955528.035402 1956928.77376 0
955528.142529 1956928.71081 0
955528.236271 1956928.65573 0
955528.346139 1956928.61277 0
955528.452868 1956928.56446 0
955528.553302 1956928.50545 0
955528.660031 1956928.45713 0
955528.760465 1956928.39812 0
955528.864046 1956928.34445 0
955528.973915 1956928.3015 0
955529.080643 1956928.25319 0
955529.174379 1956928.19811 0
955529.280701 1956928.16444 0
955529.377583 1956928.11471 0
955529.477618 1956928.07033 0
955529.5745 1956928.0206 0
955529.671382 1956927.97088 0
955529.774564 1956927.93185 0
955529.861606 1956927.8807 0
955529.948648 1956927.82956 0
955530.038837 1956927.78376 0
955530.119186 1956927.73655 0
955530.203081 1956927.68005 0
955530.28343 1956927.63284 0
955530.377172 1956927.57775 0
955530.460661 1956927.5359 0
955530.547709 1956927.48475 0
955530.635157 1956927.41896 0
955530.732039 1956927.36923 0
955530.822634 1956927.3088 0
955530.919516 1956927.25907 0
955531.02665 1956927.19612 0
955531.123938 1956927.13175 0
955531.231066 1956927.0688 0
955531.341346 1956927.0112 0
955531.445328 1956926.9429 0
955531.552462 1956926.87994 0
955531.659589 1956926.81699 0
955531.763171 1956926.76333 0
955531.876998 1956926.69644 0
955531.977432 1956926.63743 0
955532.081014 1956926.58376 0
955532.181449 1956926.52475 0
955532.285024 1956926.47109 0
955532.388605 1956926.41742 0
955532.485493 1956926.36769 0
955532.589074 1956926.31403 0
955532.685957 1956926.2643 0
955532.792685 1956926.21599 0
955532.889567 1956926.16626 0
955532.982903 1956926.12582 0
955533.079785 1956926.07609 0
955533.179813 1956926.03172 0
955533.270002 1956925.98593 0
955533.360191 1956925.94013 0
955533.45038 1956925.89434 0
955533.540569 1956925.84854 0
955533.630764 1956925.80274 0
955533.714254 1956925.76089 0
955533.801296 1956925.70974 0
955533.894631 1956925.6693 0
955533.985226 1956925.60886 0
955534.075415 1956925.56307 0
955534.17585 1956925.50405 0
955534.269591 1956925.44897 0
955534.373166 1956925.39531 0
955534.47046 1956925.33094 0
955534.577588 1956925.26799 0
955534.678022 1956925.20897 0
955534.79185 1956925.14209 0
955534.895837 1956925.07378 0
955535.002965 1956925.01083 0
955535.116792 1956924.94395 0
955535.220779 1956924.87564 0
955535.337747 1956924.81411 0
955535.441734 1956924.74581 0
955535.552008 1956924.68821 0
955535.655996 1956924.6199 0
955535.769823 1956924.55302 0
955535.880097 1956924.49542 0
955535.984079 1956924.42712 0
955536.094359 1956924.36952 0
955536.19834 1956924.30122 0
955536.305474 1956924.23827 0
955536.416155 1956924.16603 0
955536.516589 1956924.10701 0
955536.623717 1956924.04406 0
955536.730851 1956923.98111 0
955536.834832 1956923.91281 0
955536.941966 1956923.84986 0
955537.039254 1956923.78549 0
955537.149528 1956923.72789 0
955537.249963 1956923.66888 0
955537.350398 1956923.60986 0
955537.453979 1956923.5562 0
955537.554414 1956923.49718 0
955537.657995 1956923.44352 0
955537.75843 1956923.3845 0
955537.855312 1956923.33477 0
955537.9522 1956923.28504 0
955538.062475 1956923.22744 0
955538.169203 1956923.17913 0
955538.279477 1956923.12154 0
955538.389752 1956923.06394 0
955538.513013 1956923.01311 0
955538.633134 1956922.95693 0
955538.743408 1956922.89934 0
955538.870222 1956922.83922 0
955538.98719 1956922.77769 0
955539.107311 1956922.72151 0
955539.217585 1956922.66392 0
955539.334559 1956922.60238 0
955539.44798 1956922.55014 0
955539.564948 1956922.48861 0
955539.681922 1956922.42707 0
955539.792197 1956922.36948 0
955539.909171 1956922.30794 0
955540.016298 1956922.24499 0
955540.123433 1956922.18204 0
955540.233707 1956922.12445 0
955540.340835 1956922.0615 0
955540.444416 1956922.00783 0
955540.55155 1956921.94488 0
955540.651985 1956921.88586 0
955540.762259 1956921.82827 0
955540.865841 1956921.7746 0
955540.969416 1956921.72094 0
955541.072997 1956921.66728 0
955541.176579 1956921.61362 0
955541.28016 1956921.55995 0
955541.377042 1956921.51022 0
955541.483771 1956921.46191 0
955541.587352 1956921.40825 0
955541.694074 1956921.35994 0
955541.797655 1956921.30628 0
955541.911077 1956921.25403 0
955542.014252 1956921.21501 0
955542.117833 1956921.16135 0
955542.221009 1956921.12232 0
955542.334431 1956921.07008 0
955542.438012 1956921.01642 0
955542.551433 1956920.96417 0
955542.661708 1956920.90657 0
955542.771982 1956920.84898 0
955542.88581 1956920.78209 0
955543.002783 1956920.72056 0
955543.109912 1956920.65761 0
955543.223738 1956920.59072 0
955543.344259 1956920.51991 0
955543.451393 1956920.45695 0
955543.571913 1956920.38613 0
955543.679041 1956920.32319 0
955543.799567 1956920.25236 0
955543.906695 1956920.18941 0
955544.020522 1956920.12253 0
955544.12765 1956920.05958 0
955544.241477 1956919.99269 0
955544.345465 1956919.92439 0
955544.462432 1956919.86286 0
955544.562867 1956919.80384 0
955544.670001 1956919.74089 0
955544.780276 1956919.68329 0
955544.887409 1956919.62034 0
955544.990985 1956919.56668 0
955545.094566 1956919.51302 0
955545.198147 1956919.45935 0
955545.298582 1956919.40034 0
955545.402164 1956919.34667 0
955545.505745 1956919.29301 0
955545.602627 1956919.24328 0
955545.706208 1956919.18962 0
955545.803091 1956919.13989 0
955545.906672 1956919.08623 0
955546.000413 1956919.03114 0
955546.103995 1956918.97748 0
955546.20757 1956918.92382 0
955546.314298 1956918.87551 0
955546.41118 1956918.82578 0
955546.524608 1956918.77353 0
955546.628183 1956918.71987 0
955546.741604 1956918.66763 0
955546.848738 1956918.60468 0
955546.96216 1956918.55243 0
955547.075581 1956918.50019 0
955547.192549 1956918.43866 0
955547.299683 1956918.3757 0
955547.42335 1956918.31024 0
955547.540324 1956918.2487 0
955547.660844 1956918.17789 0
955547.774671 1956918.111 0
955547.895192 1956918.04018 0
955548.009019 1956917.9733 0
955548.129539 1956917.90248 0
955548.243366 1956917.83559 0
955548.363886 1956917.76477 0
955548.471014 1956917.70182 0
955548.588394 1956917.62565 0
955548.702221 1956917.55876 0
955548.819189 1956917.49723 0
955548.933016 1956917.43035 0
955549.04999 1956917.36882 0
955549.163817 1956917.30193 0
955549.274092 1956917.24433 0
955549.387919 1956917.17745 0
955549.504887 1956917.11592 0
955549.621861 1956917.05438 0
955549.728988 1956916.99144 0
955549.849109 1956916.93525 0
955549.959384 1956916.87766 0
955550.079498 1956916.82148 0
955550.196472 1956916.75995 0
955550.306747 1956916.70235 0
955550.430008 1956916.65153 0
955550.540289 1956916.59392 0
955550.660404 1956916.53775 0
955550.773825 1956916.4855 0
955550.887246 1956916.43326 0
955551.000667 1956916.38101 0
955551.117641 1956916.31948 0
955551.231063 1956916.26724 0
955551.341337 1956916.20964 0
955551.451612 1956916.15204 0
955551.561887 1956916.09445 0
955551.685554 1956916.02898 0
955551.792688 1956915.96603 0
955551.909662 1956915.90449 0
955552.016789 1956915.84154 0
955552.12747 1956915.76931 0
955552.227904 1956915.71029 0
955552.341732 1956915.64341 0
955552.448859 1956915.58046 0
955552.55954 1956915.50822 0
955552.663527 1956915.43991 0
955552.777354 1956915.37303 0
955552.884482 1956915.31008 0
955552.995162 1956915.23784 0
955553.09915 1956915.16954 0
955553.206277 1956915.10659 0
955553.310264 1956915.03828 0
955553.417392 1956914.97533 0
955553.521379 1956914.90703 0
955553.628507 1956914.84408 0
955553.735641 1956914.78113 0
955553.839628 1956914.71282 0
955553.956596 1956914.65129 0
955554.057031 1956914.59227 0
955554.164165 1956914.52932 0
955554.274439 1956914.47173 0
955554.381567 1956914.40878 0
955554.482002 1956914.34976 0
955554.595829 1956914.28287 0
955554.69941 1956914.22921 0
955554.806538 1956914.16626 0
955554.91012 1956914.1126 0
955555.014107 1956914.04429 0
955555.117688 1956913.99063 0
955555.224816 1956913.92768 0
955555.321704 1956913.87795 0
955555.422139 1956913.81893 0
955555.522573 1956913.75992 0
955555.626149 1956913.70626 0
955555.716743 1956913.64582 0
955555.810485 1956913.59074 0
955555.914066 1956913.53707 0
955556.007801 1956913.48199 0
955556.111383 1956913.42833 0
955556.208271 1956913.3786 0
955556.308706 1956913.31958 0
955556.402441 1956913.26451 0
955556.506023 1956913.21084 0
955556.599764 1956913.15576 0
955556.697052 1956913.09139 0
955556.790793 1956913.03631 0
955556.884529 1956912.98123 0
955556.98811 1956912.92756 0
955557.081852 1956912.87248 0
955557.175587 1956912.8174 0
955557.279168 1956912.76374 0
955557.376056 1956912.71401 0
955557.473344 1956912.64964 0
955557.573373 1956912.60526 0
955557.667115 1956912.55018 0
955557.767144 1956912.5058 0
955557.860879 1956912.45072 0
955557.954215 1956912.41028 0
955558.057796 1956912.35662 0
955558.141292 1956912.31476 0
955558.24132 1956912.27038 0
955558.328363 1956912.21924 0
955558.428391 1956912.17486 0
955558.51544 1956912.12371 0
955558.615469 1956912.07934 0
955558.698958 1956912.03748 0
955558.7927 1956911.9824 0
955558.882889 1956911.9366 0
955558.969931 1956911.88546 0
955559.063266 1956911.84501 0
955559.150309 1956911.79387 0
955559.240497 1956911.74807 0
955559.327545 1956911.69692 0
955559.417734 1956911.65113 0
955559.504777 1956911.59998 0
955559.591819 1956911.54883 0
955559.678861 1956911.49769 0
955559.765903 1956911.44654 0
955559.856092 1956911.40075 0
955559.939993 1956911.34424 0
955560.036876 1956911.29452 0
955560.123924 1956911.24337 0
955560.214113 1956911.19757 0
955560.301155 1956911.14643 0
955560.388197 1956911.09528 0
955560.478386 1956911.04949 0
955560.565428 1956910.99834 0
955560.648924 1956910.95648 0
955560.735966 1956910.90533 0
955560.826155 1956910.85954 0
955560.90965 1956910.81768 0
955560.996693 1956910.76653 0
955561.080188 1956910.72467 0
955561.170377 1956910.67887 0
955561.25072 1956910.63166 0
955561.337363 1956910.59516 0
955561.424405 1956910.54401 0
955561.511041 1956910.5075 0
955561.594537 1956910.46564 0
955561.681173 1956910.42914 0
955561.771362 1956910.38334 0
955561.854858 1956910.34148 0
955561.948193 1956910.30104 0
955562.041529 1956910.2606 0
955562.125019 1956910.21874 0
955562.215208 1956910.17295 0
955562.305397 1956910.12715 0
955562.388892 1956910.08529 0
955562.479081 1956910.0395 0
955562.56927 1956909.9937 0
955562.652766 1956909.95184 0
955562.739808 1956909.90069 0
955562.82685 1956909.84955 0
955562.910345 1956909.80769 0
955562.997388 1956909.75654 0
955563.087577 1956909.71075 0
955563.174619 1956909.6596 0
955563.264808 1956909.6138 0
955563.35185 1956909.56266 0
955563.448738 1956909.51293 0
955563.538927 1956909.46713 0
955563.629116 1956909.42134 0
955563.716158 1956909.37019 0
955563.813046 1956909.32046 0
955563.903235 1956909.27467 0
955564.000117 1956909.22494 0
955564.087159 1956909.17379 0
955564.184048 1956909.12406 0
955564.28093 1956909.07434 0
955564.374671 1956909.01925 0
955564.478246 1956908.96559 0
955564.571988 1956908.91051 0
955564.679122 1956908.84756 0
955564.779556 1956908.78854 0
955564.879991 1956908.72952 0
955564.980426 1956908.67051 0
955565.074161 1956908.61543 0
955565.171449 1956908.55106 0
955565.271884 1956908.49204 0
955565.369178 1956908.42767 0
955565.469612 1956908.36866 0
955565.5669 1956908.30429 0
955565.664188 1956908.23992 0
955565.761476 1956908.17555 0
955565.86191 1956908.11653 0
955565.959204 1956908.05216 0
955566.049799 1956907.99173 0
955566.150234 1956907.93271 0
955566.243969 1956907.87763 0
955566.337711 1956907.82255 0
955566.438145 1956907.76353 0
955566.528334 1956907.71774 0
955566.622075 1956907.66265 0
955566.718958 1956907.61293 0
955566.819392 1956907.55391 0
955566.906434 1956907.50276 0
955567.003323 1956907.45303 0
955567.100205 1956907.40331 0
955567.187247 1956907.35216 0
955567.284135 1956907.30243 0
955567.381017 1956907.2527 0
955567.484599 1956907.19904 0
955567.58818 1956907.14537 0
955567.701602 1956907.09313 0
955567.811876 1956907.03553 0
955567.918604 1956906.98722 0
955568.038719 1956906.93104 0
955568.15214 1956906.8788 0
955568.282101 1956906.82404 0
955568.402215 1956906.76786 0
955568.52233 1956906.71168 0
955568.635752 1956906.65944 0
955568.755872 1956906.60326 0
955568.869294 1956906.55101 0
955568.979568 1956906.49342 0
955569.096136 1956906.44653 0
955569.199718 1956906.39286 0
955569.309587 1956906.34991 0
955569.413168 1956906.29624 0
955569.519896 1956906.24793 0
955569.619925 1956906.20356 0
955569.716807 1956906.15383 0
955569.813696 1956906.1041 0
955569.903885 1956906.0583 0
955569.99762 1956906.00322 0
955570.081115 1956905.96136 0
955570.171304 1956905.91557 0
955570.251653 1956905.86836 0
955570.338695 1956905.81721 0
955570.415492 1956905.77928 0
955570.495841 1956905.73207 0
955570.56635 1956905.68344 0
955570.64 1956905.64016 0
955570.713649 1956905.59688 0
955570.787305 1956905.5536 0
955570.860954 1956905.51033 0
955570.92477 1956905.46563 0
955570.99842 1956905.42235 0
955571.068929 1956905.37372 0
955571.146131 1956905.32115 0
955571.230026 1956905.26465 0
955571.327314 1956905.20028 0
955571.417909 1956905.13985 0
955571.528589 1956905.06761 0
955571.632576 1956904.9993 0
955571.74995 1956904.92313 0
955571.87717 1956904.84838 0
955571.994543 1956904.77221 0
955572.121763 1956904.69745 0
955572.245836 1956904.61734 0
955572.373049 1956904.54259 0
955572.493576 1956904.47177 0
955572.623936 1956904.40237 0
955572.747603 1956904.33691 0
955572.861431 1956904.27002 0
955572.985098 1956904.20455 0
955573.105212 1956904.14838 0
955573.228879 1956904.08291 0
955573.33916 1956904.02531 0
955573.469115 1956903.97055 0
955573.579395 1956903.91295 0
955573.692817 1956903.86071 0
955573.809785 1956903.79918 0
955573.933046 1956903.74835 0
955574.043326 1956903.69075 0
955574.159889 1956903.64386 0
955574.276863 1956903.58233 0
955574.390284 1956903.53009 0
955574.497012 1956903.48178 0
955574.617127 1956903.4256 0
955574.727402 1956903.368 0
955574.837682 1956903.3104 0
955574.947957 1956903.2528 0
955575.058231 1956903.19521 0
955575.165359 1956903.13226 0
955575.279187 1956903.06537 0
955575.38632 1956903.00242 0
955575.497001 1956902.93018 0
955575.604129 1956902.86723 0
955575.714809 1956902.795 0
955575.821943 1956902.73204 0
955575.932624 1956902.6598 0
955576.036605 1956902.5915 0
955576.140592 1956902.5232 0
955576.244579 1956902.45489 0
955576.351706 1956902.39194 0
955576.455694 1956902.32364 0
955576.552982 1956902.25927 0
955576.656963 1956902.19097 0
955576.77079 1956902.12408 0
955576.87163 1956902.05043 0
955576.972065 1956901.99141 0
955577.079199 1956901.92846 0
955577.186327 1956901.86551 0
955577.286761 1956901.80649 0
955577.387196 1956901.74748 0
955577.487631 1956901.68846 0
955577.597905 1956901.63086 0
955577.695199 1956901.56649 0
955577.808621 1956901.51425 0
955577.915749 1956901.4513 0
955578.01933 1956901.39763 0
955578.122911 1956901.34397 0
955578.230039 1956901.28102 0
955578.336767 1956901.23271 0
955578.443895 1956901.16976 0
955578.54433 1956901.11074 0
955578.644765 1956901.05173 0
955578.745199 1956900.99271 0
955578.852333 1956900.92976 0
955578.942922 1956900.86933 0
955579.050056 1956900.80638 0
955579.140651 1956900.74594 0
955579.241491 1956900.67228 0
955579.335226 1956900.6172 0
955579.436066 1956900.54355 0
955579.536907 1956900.46989 0
955579.637747 1956900.39623 0
955579.738987 1956900.30794 0
955579.856773 1956900.21712 0
955579.958013 1956900.12883 0
955580.072651 1956900.03266 0
955580.180996 1956899.92578 0
955580.289342 1956899.81891 0
955580.40438 1956899.70811 0
955580.509578 1956899.59588 0
955580.62107 1956899.49436 0
955580.726268 1956899.38213 0
955580.844453 1956899.27668 0
955580.952798 1956899.16981 0
955581.057591 1956899.07222 0
955581.172223 1956898.97606 0
955581.277022 1956898.87847 0
955581.394801 1956898.78766 0
955581.486607 1956898.6833 0
955581.611086 1956898.58856 0
955581.706038 1956898.48955 0
955581.824223 1956898.3841 0
955581.922322 1956898.29045 0
955582.020828 1956898.18216 0
955582.119327 1956898.07387 0
955582.211138 1956897.96951 0
955582.299797 1956897.8598 0
955582.391603 1956897.75544 0
955582.470428 1956897.64431 0
955582.549247 1956897.53319 0
955582.611533 1956897.42457 0
955582.687205 1956897.30809 0
955582.746344 1956897.19412 0
955582.802742 1956897.06017 0
955582.861881 1956896.9462 0
955582.91158 1956896.81618 0
955582.964431 1956896.6915 0
955583.030263 1956896.5736 0
955583.086661 1956896.43964 0
955583.146206 1956896.31103 0
955583.199052 1956896.18636 0
955583.258596 1956896.05776 0
955583.308295 1956895.92773 0
955583.354447 1956895.80699 0
955583.401005 1956895.67162 0
955583.450704 1956895.54159 0
955583.487016 1956895.41943 0
955583.526874 1956895.28799 0
955583.563187 1956895.16583 0
955583.593206 1956895.03297 0
955583.619678 1956894.9094 0
955583.652843 1956894.78189 0
955583.665917 1956894.66618 0
955583.679402 1956894.53583 0
955583.696028 1956894.41084 0
955583.709514 1956894.28049 0
955583.719447 1956894.15943 0
955583.719939 1956894.02232 0
955583.713739 1956893.88913 0
955583.714237 1956893.75201 0
955583.708037 1956893.61883 0
955583.695549 1956893.47494 0
955583.672809 1956893.34427 0
955583.666608 1956893.21109 0
955583.660413 1956893.0779 0
955583.64082 1956892.95258 0
955583.637766 1956892.82475 0
955583.617768 1956892.71408 0
955583.621413 1956892.58231 0
955583.604561 1956892.47699 0
955583.594808 1956892.3531 0
955583.577962 1956892.24777 0
955583.564662 1956892.13316 0
955583.550957 1956892.03319 0
955583.524265 1956891.92645 0
955583.51056 1956891.82649 0
955583.490161 1956891.73045 0
955583.469757 1956891.63442 0
955583.442665 1956891.54232 0
955583.425407 1956891.45164 0
955583.401456 1956891.36489 0
955583.377505 1956891.27814 0
955583.353154 1956891.20604 0
955583.322504 1956891.12323 0
955583.298153 1956891.05112 0
955583.273797 1956890.97901 0
955583.24944 1956890.90691 0
955583.225089 1956890.8348 0
955583.203879 1956890.76805 0
955583.179523 1956890.69594 0
955583.161459 1956890.63454 0
955583.140249 1956890.56779 0
955583.118634 1956890.51568 0
955583.103717 1956890.45963 0
955583.088795 1956890.40358 0
955583.073879 1956890.34754 0
955583.05541 1956890.30078 0
955583.037347 1956890.23938 0
955583.025571 1956890.18868 0
955583.010654 1956890.13264 0
955582.989444 1956890.06588 0
955582.971381 1956890.00448 0
955582.947024 1956889.93238 0
955582.92622 1956889.85098 0
955582.899129 1956889.75888 0
955582.872031 1956889.66678 0
955582.845339 1956889.56004 0
955582.808807 1956889.45188 0
955582.781709 1956889.35978 0
955582.758164 1956889.2584 0
955582.721226 1956889.16488 0
955582.690987 1956889.06742 0
955582.66389 1956888.97533 0
955582.626952 1956888.88181 0
955582.603001 1956888.79506 0
955582.56921 1956888.7069 0
955582.538565 1956888.62408 0
955582.507915 1956888.54127 0
955582.480418 1956888.46381 0
955582.452914 1956888.38635 0
955582.418717 1956888.31283 0
955582.390814 1956888.25001 0
955582.359764 1956888.18184 0
955582.331861 1956888.11902 0
955582.303952 1956888.0562 0
955582.272902 1956887.98803 0
955582.248551 1956887.91592 0
955582.211208 1956887.83704 0
955582.180558 1956887.75423 0
955582.140073 1956887.67 0
955582.106282 1956887.58184 0
955582.069344 1956887.48832 0
955582.02926 1956887.38945 0
955581.992322 1956887.29593 0
955581.955384 1956887.20241 0
955581.925146 1956887.10496 0
955581.887802 1956887.02608 0
955581.863851 1956886.93933 0
955581.826514 1956886.86045 0
955581.795863 1956886.77764 0
955581.761667 1956886.70412 0
955581.734169 1956886.62666 0
955581.706266 1956886.56384 0
955581.668923 1956886.48496 0
955581.644566 1956886.41286 0
955581.613516 1956886.34468 0
955581.579319 1956886.27116 0
955581.541976 1956886.19228 0
955581.507779 1956886.11876 0
955581.470441 1956886.03988 0
955581.436245 1956885.96635 0
955581.398901 1956885.88748 0
955581.364705 1956885.81395 0
955581.327361 1956885.73507 0
955581.255827 1956885.58267 0
955581.228323 1956885.50521 0
955581.184286 1956885.43027 0
955581.15009 1956885.35674 0
955581.115893 1956885.28322 0
955581.084843 1956885.21505 0
955581.0475 1956885.13617 0
955581.009757 1956885.07193 0
955580.972413 1956884.99305 0
955580.935069 1956884.91418 0
955580.887886 1956884.83388 0
955580.834415 1956884.74288 0
955580.780938 1956884.65188 0
955580.727467 1956884.56087 0
955580.670849 1956884.46451 0
955580.620925 1956884.36422 0
955580.567447 1956884.27322 0
955580.513976 1956884.18222 0
955580.4605 1956884.09122 0
955580.413722 1956883.99628 0
955580.363391 1956883.91063 0
955580.313067 1956883.82498 0
955580.272983 1956883.72611 0
955580.222652 1956883.64046 0
955580.179021 1956883.55088 0
955580.125544 1956883.45987 0
955580.078361 1956883.37958 0
955580.03473 1956883.28999 0
955579.987546 1956883.2097 0
955579.943915 1956883.12011 0
955579.899879 1956883.04517 0
955579.852695 1956882.96487 0
955579.802365 1956882.87922 0
955579.758328 1956882.80428 0
955579.711145 1956882.72398 0
955579.667108 1956882.64904 0
955579.619924 1956882.56874 0
955579.579034 1956882.49915 0
955579.534997 1956882.42421 0
955579.490955 1956882.34927 0
955579.453617 1956882.27039 0
955579.412721 1956882.2008 0
955579.371832 1956882.13121 0
955579.327795 1956882.05626 0
955579.283758 1956881.98132 0
955579.243268 1956881.89709 0
955579.202377 1956881.8275 0
955579.152048 1956881.74185 0
955579.111563 1956881.65762 0
955579.061233 1956881.57197 0
955579.011308 1956881.47168 0
955578.960978 1956881.38603 0
955578.917753 1956881.2818 0
955578.864276 1956881.1908 0
955578.81121 1956881.08516 0
955578.757733 1956880.99416 0
955578.710956 1956880.89922 0
955578.660625 1956880.81357 0
955578.610701 1956880.71328 0
955578.563923 1956880.61834 0
955578.513593 1956880.53269 0
955578.460121 1956880.44169 0
955578.409791 1956880.35604 0
955578.363014 1956880.2611 0
955578.312683 1956880.17546 0
955578.269052 1956880.08587 0
955578.222274 1956879.99093 0
955578.171944 1956879.90528 0
955578.118473 1956879.81428 0
955578.074836 1956879.7247 0
955578.018218 1956879.62834 0
955577.964747 1956879.53734 0
955577.901836 1956879.43027 0
955577.854652 1956879.34998 0
955577.791741 1956879.24292 0
955577.741411 1956879.15727 0
955577.681646 1956879.05556 0
955577.625028 1956878.9592 0
955577.571551 1956878.8682 0
955577.51808 1956878.7772 0
955577.461456 1956878.68084 0
955577.407986 1956878.58984 0
955577.354914 1956878.4842 0
955577.311283 1956878.39461 0
955577.251519 1956878.2929 0
955577.201188 1956878.20725 0
955577.14457 1956878.1109 0
955577.091094 1956878.0199 0
955577.037616 1956877.92889 0
955576.993985 1956877.83931 0
955576.933815 1956877.75224 0
955576.887037 1956877.6573 0
955576.836707 1956877.57166 0
955576.783236 1956877.48065 0
955576.736458 1956877.38571 0
955576.682576 1956877.30935 0
955576.638945 1956877.21977 0
955576.578774 1956877.1327 0
955576.52885 1956877.03241 0
955576.478519 1956876.94676 0
955576.425048 1956876.85576 0
955576.381417 1956876.76617 0
955576.331087 1956876.68052 0
955576.28745 1956876.59094 0
955576.240672 1956876.496 0
955576.187201 1956876.405 0
955576.140423 1956876.31006 0
955576.0838 1956876.21371 0
955576.030734 1956876.10806 0
955575.980809 1956876.00777 0
955575.921045 1956875.90606 0
955575.864421 1956875.80971 0
955575.817643 1956875.71477 0
955575.757879 1956875.61306 0
955575.711101 1956875.51813 0
955575.663918 1956875.43783 0
955575.597454 1956875.34006 0
955575.54713 1956875.25441 0
955575.503087 1956875.17947 0
955575.446063 1956875.09775 0
955575.40832 1956875.03351 0
955575.357584 1956874.9625 0
955575.307254 1956874.87685 0
955575.265958 1956874.8219 0
955575.221516 1956874.7616 0
955575.186919 1956874.70272 0
955575.122791 1956874.63958 0
955575.081901 1956874.56999 0
955575.033906 1956874.51897 0
955574.983176 1956874.44796 0
955574.932035 1956874.3916 0
955574.874605 1956874.32452 0
955574.830568 1956874.24958 0
955574.773139 1956874.1825 0
955574.70587 1956874.11401 0
955574.638601 1956874.04552 0
955574.581578 1956873.9638 0
955574.510756 1956873.9046 0
955574.44034 1956873.83075 0
955574.379364 1956873.77296 0
955574.308948 1956873.69911 0
955574.238127 1956873.63991 0
955574.167305 1956873.58071 0
955574.116169 1956873.52434 0
955574.052041 1956873.4612 0
955573.994212 1956873.40876 0
955573.929684 1956873.36026 0
955573.871849 1956873.30783 0
955573.820308 1956873.2661 0
955573.75892 1956873.22296 0
955573.717219 1956873.18265 0
955573.655838 1956873.1395 0
955573.614136 1956873.09919 0
955573.555896 1956873.0614 0
955573.510648 1956873.03038 0
955573.449261 1956872.98723 0
955573.40046 1956872.9655 0
955573.345772 1956872.91842 0
955573.283985 1956872.88991 0
955573.228891 1956872.85747 0
955573.154118 1956872.82219 0
955573.082491 1956872.79227 0
