935650.829508 1916094.55394 5
935650.839568 1916094.70919 5
935650.849712 1916094.87553 5
935650.868642 1916095.03071 5
935650.878702 1916095.18596 5
935650.879807 1916095.33018 5
935650.889952 1916095.49653 5
935650.899927 1916095.64068 5
935650.901117 1916095.796 5
935650.911092 1916095.94015 5
935650.912282 1916096.09547 5
935650.922257 1916096.23962 5
935650.923447 1916096.39494 5
935650.915768 1916096.55032 5
935650.925828 1916096.70557 5
935650.926933 1916096.84979 5
935650.928038 1916096.99401 5
935650.929143 1916097.13824 5
935650.921294 1916097.27143 5
935650.922399 1916097.41566 5
935650.923419 1916097.54878 5
935650.915655 1916097.69307 5
935650.916675 1916097.8262 5
935650.908911 1916097.97049 5
935650.909846 1916098.09253 5
935650.910952 1916098.23675 5
935650.911972 1916098.36988 5
935650.904292 1916098.52526 5
935650.905313 1916098.65839 5
935650.897633 1916098.81377 5
935650.898739 1916098.958 5
935650.891059 1916099.11338 5
935650.892165 1916099.2576 5
935650.893355 1916099.41292 5
935650.885676 1916099.5683 5
935650.886951 1916099.73471 5
935650.879272 1916099.8901 5
935650.889501 1916100.06753 5
935650.881992 1916100.24511 5
935650.892392 1916100.44473 5
935650.884883 1916100.6223 5
935650.904067 1916100.81076 5
935650.896728 1916101.01053 5
935650.907043 1916101.19906 5
935650.917443 1916101.39868 5
935650.918803 1916101.57618 5
935650.920249 1916101.76478 5
935650.930393 1916101.93112 5
935650.914015 1916102.10877 5
935650.924159 1916102.27511 5
935650.91665 1916102.45268 5
935650.92671 1916102.60793 5
935650.910161 1916102.76338 5
935650.911351 1916102.9187 5
935650.912372 1916103.05182 5
935650.895823 1916103.20728 5
935650.905713 1916103.34034 5
935650.906818 1916103.48456 5
935650.907923 1916103.62878 5
935650.917728 1916103.75075 5
935650.927788 1916103.906 5
935650.946547 1916104.03899 5
935650.965221 1916104.16089 5
935650.965987 1916104.26073 5
935650.984576 1916104.37154 5
935650.994211 1916104.47132 5
935651.0128 1916104.58212 5
935651.02235 1916104.6708 5
935651.02303 1916104.75956 5
935651.050319 1916104.8481 5
935651.068823 1916104.94781 5
935651.087242 1916105.03643 5
935651.123571 1916105.1471 5
935651.133206 1916105.24688 5
935651.151795 1916105.35768 5
935651.170214 1916105.4463 5
935651.197503 1916105.53485 5
935651.224792 1916105.62339 5
935651.243211 1916105.71201 5
935651.2705 1916105.80056 5
935651.297789 1916105.88911 5
935651.325078 1916105.97765 5
935651.352367 1916106.0662 5
935651.37974 1916106.16585 5
935651.415899 1916106.25433 5
935651.443273 1916106.35397 5
935651.488386 1916106.45347 5
935651.524714 1916106.56414 5
935651.569827 1916106.66365 5
935651.606241 1916106.78541 5
935651.651439 1916106.89601 5
935651.696637 1916107.00661 5
935651.759574 1916107.11708 5
935651.795817 1916107.21665 5
935651.849885 1916107.32718 5
935651.877174 1916107.41573 5
935651.922372 1916107.52633 5
935651.9674 1916107.61474 5
935651.994774 1916107.71439 5
935652.039802 1916107.8028 5
935652.07596 1916107.89128 5
935652.138812 1916107.99065 5
935652.166016 1916108.0681 5
935652.211129 1916108.16761 5
935652.247202 1916108.245 5
935652.274661 1916108.35573 5
935652.310735 1916108.43312 5
935652.355763 1916108.52153 5
935652.391921 1916108.61001 5
935652.428079 1916108.69849 5
935652.464238 1916108.78697 5
935652.509351 1916108.88648 5
935652.545594 1916108.98605 5
935652.590792 1916109.09665 5
935652.63599 1916109.20725 5
935652.681103 1916109.30676 5
935652.726216 1916109.40626 5
935652.771414 1916109.51687 5
935652.816527 1916109.61637 5
935652.870595 1916109.7269 5
935652.906838 1916109.82648 5
935652.943081 1916109.92605 5
935652.97054 1916110.03679 5
935653.015568 1916110.1252 5
935653.042942 1916110.22484 5
935653.08797 1916110.31326 5
935653.115259 1916110.4018 5
935653.151502 1916110.50138 5
935653.187576 1916110.57876 5
935653.214865 1916110.66731 5
935653.233199 1916110.74483 5
935653.269357 1916110.83332 5
935653.287776 1916110.92193 5
935653.32402 1916111.02151 5
935653.351394 1916111.12115 5
935653.387637 1916111.22072 5
935653.42405 1916111.34248 5
935653.460294 1916111.44206 5
935653.496792 1916111.57492 5
935653.533206 1916111.69668 5
935653.569619 1916111.81844 5
935653.606033 1916111.9402 5
935653.642531 1916112.07306 5
935653.678944 1916112.19482 5
935653.715443 1916112.32768 5
935653.742987 1916112.44951 5
935653.788355 1916112.5823 5
935653.815899 1916112.70413 5
935653.852397 1916112.83698 5
935653.88881 1916112.95874 5
935653.925309 1916113.0916 5
935653.952938 1916113.22453 5
935653.989266 1916113.33519 5
935654.016895 1916113.46812 5
935654.044439 1916113.58995 5
935654.080937 1916113.7228 5
935654.108396 1916113.83354 5
935654.13611 1916113.97756 5
935654.181478 1916114.11035 5
935654.209277 1916114.26546 5
935654.24586 1916114.40941 5
935654.327982 1916114.70834 5
935654.37352 1916114.86331 5
935654.418973 1916115.0072 5
935654.455641 1916115.16224 5
935654.501094 1916115.30612 5
935654.537763 1916115.46117 5
935654.592085 1916115.60498 5
935654.628754 1916115.76003 5
935654.674207 1916115.90391 5
935654.71983 1916116.06998 5
935654.756243 1916116.19174 5
935654.801866 1916116.35781 5
935654.829495 1916116.49074 5
935654.874948 1916116.63462 5
935654.911531 1916116.77857 5
935654.93916 1916116.91149 5
935654.966789 1916117.04442 5
935655.003372 1916117.18837 5
935655.039871 1916117.32122 5
935655.0675 1916117.45415 5
935655.103998 1916117.587 5
935655.140496 1916117.71986 5
935655.176995 1916117.85272 5
935655.204624 1916117.98564 5
935655.241207 1916118.12959 5
935655.286575 1916118.26238 5
935655.323158 1916118.40633 5
935655.368611 1916118.55021 5
935655.405195 1916118.69416 5
935655.441778 1916118.83811 5
935655.496186 1916118.99302 5
935655.532684 1916119.12588 5
935655.578222 1916119.28086 5
935655.605936 1916119.42487 5
935655.642604 1916119.57992 5
935655.679188 1916119.72387 5
935655.715771 1916119.86782 5
935655.752354 1916120.01177 5
935655.788938 1916120.15572 5
935655.816652 1916120.29974 5
935655.844365 1916120.44376 5
935655.863125 1916120.57675 5
935655.882054 1916120.73193 5
935655.918637 1916120.87588 5
935655.928612 1916121.02003 5
935655.956411 1916121.17515 5
935655.984125 1916121.31916 5
935655.9941 1916121.46332 5
935656.021728 1916121.59624 5
935656.022833 1916121.74047 5
935656.041508 1916121.86236 5
935656.051482 1916122.00652 5
935656.061372 1916122.13958 5
935656.088916 1916122.26141 5
935656.098976 1916122.41666 5
935656.10878 1916122.53862 5
935656.118755 1916122.68278 5
935656.137344 1916122.79358 5
935656.147319 1916122.93774 5
935656.174778 1916123.04847 5
935656.202407 1916123.1814 5
935656.220996 1916123.2922 5
935656.248455 1916123.40294 5
935656.266959 1916123.50265 5
935656.294418 1916123.61338 5
935656.304137 1916123.72426 5
935656.340381 1916123.82383 5
935656.35897 1916123.93463 5
935656.386344 1916124.03428 5
935656.404848 1916124.13399 5
935656.414568 1916124.24486 5
935656.441856 1916124.33341 5
935656.460275 1916124.42202 5
935656.487564 1916124.51057 5
935656.505898 1916124.58809 5
935656.524318 1916124.67671 5
935656.542652 1916124.75423 5
935656.552201 1916124.84292 5
935656.579405 1916124.92037 5
935656.597824 1916125.00899 5
935656.607289 1916125.08658 5
935656.625793 1916125.18629 5
935656.644127 1916125.26381 5
935656.671501 1916125.36345 5
935656.68992 1916125.45207 5
935656.70834 1916125.54068 5
935656.735628 1916125.62923 5
935656.754047 1916125.71785 5
935656.772467 1916125.80646 5
935656.790886 1916125.89508 5
935656.809305 1916125.9837 5
935656.827724 1916126.07231 5
935656.837359 1916126.17209 5
935656.855608 1916126.23852 5
935656.874112 1916126.33823 5
935656.892446 1916126.41575 5
935656.910951 1916126.51546 5
935656.920415 1916126.59305 5
935656.938834 1916126.68167 5
935656.957254 1916126.77029 5
935656.966803 1916126.85897 5
935656.976353 1916126.94765 5
935656.985903 1916127.03634 5
935657.004322 1916127.12495 5
935657.013871 1916127.21364 5
935657.023506 1916127.31342 5
935657.033056 1916127.4021 5
935657.04269 1916127.50188 5
935657.05224 1916127.59056 5
935657.053005 1916127.69041 5
935657.062555 1916127.77909 5
935657.080974 1916127.86771 5
935657.072869 1916127.96762 5
935657.082504 1916128.0674 5
935657.101008 1916128.16711 5
935657.092904 1916128.26703 5
935657.111408 1916128.36674 5
935657.112258 1916128.47768 5
935657.121893 1916128.57745 5
935657.131613 1916128.68833 5
935657.132463 1916128.79927 5
935657.151137 1916128.92117 5
935657.151987 1916129.03211 5
935657.170661 1916129.154 5
935657.171596 1916129.27604 5
935657.181401 1916129.398 5
935657.208945 1916129.51983 5
935657.20101 1916129.64194 5
935657.228469 1916129.75267 5
935657.211665 1916129.87484 5
935657.239294 1916130.00777 5
935657.249099 1916130.12973 5
935657.267773 1916130.25163 5
935657.277577 1916130.3736 5
935657.278513 1916130.49563 5
935657.306056 1916130.61746 5
935657.306906 1916130.7284 5
935657.325581 1916130.8503 5
935657.344255 1916130.9722 5
935657.353975 1916131.08307 5
935657.372564 1916131.19388 5
935657.382368 1916131.31584 5
935657.392003 1916131.41562 5
935657.410677 1916131.53752 5
935657.420397 1916131.64839 5
935657.438986 1916131.7592 5
935657.439921 1916131.88123 5
935657.45851 1916131.99203 5
935657.4684 1916132.12509 5
935657.487159 1916132.25809 5
935657.497134 1916132.40224 5
935657.515978 1916132.54633 5
935657.517083 1916132.69055 5
935657.536098 1916132.85682 5
935657.546157 1916133.01207 5
935657.556217 1916133.16732 5
935657.575146 1916133.3225 5
935657.594076 1916133.47768 5
935657.604135 1916133.63293 5
935657.631849 1916133.77695 5
935657.650693 1916133.92103 5
935657.669537 1916134.06512 5
935657.71499 1916134.209 5
935657.73375 1916134.34199 5
935657.761378 1916134.47492 5
935657.789092 1916134.61894 5
935657.825675 1916134.76289 5
935657.844435 1916134.89588 5
935657.872148 1916135.0399 5
935657.890823 1916135.1618 5
935657.927321 1916135.29465 5
935657.94608 1916135.42765 5
935657.973794 1916135.57166 5
935657.992553 1916135.70466 5
935658.011397 1916135.84874 5
935658.039111 1916135.99276 5
935658.05787 1916136.12575 5
935658.076799 1916136.28093 5
935658.086689 1916136.41399 5
935658.096664 1916136.55815 5
935658.115508 1916136.70223 5
935658.134267 1916136.83523 5
935658.135287 1916136.96835 5
935658.154046 1916137.10135 5
935658.164021 1916137.2455 5
935658.165041 1916137.37863 5
935658.19267 1916137.51155 5
935658.193775 1916137.65578 5
935658.212619 1916137.79986 5
935658.222594 1916137.94402 5
935658.241438 1916138.0881 5
935658.260452 1916138.25438 5
935658.270427 1916138.39853 5
935658.30718 1916138.56467 5
935658.317155 1916138.70882 5
935658.336169 1916138.8751 5
935658.363968 1916139.03021 5
935658.374113 1916139.19655 5
935658.410696 1916139.3405 5
935658.420841 1916139.50685 5
935658.4309 1916139.66209 5
935658.467569 1916139.81714 5
935658.486668 1916139.99451 5
935658.505597 1916140.14969 5
935658.533566 1916140.32699 5
935658.55241 1916140.47107 5
935658.56264 1916140.64851 5
935658.572614 1916140.79266 5
935658.591714 1916140.97003 5
935658.610558 1916141.11412 5
935658.629572 1916141.28039 5
935658.639547 1916141.42455 5
935658.658561 1916141.59082 5
935658.668621 1916141.74607 5
935658.68755 1916141.90125 5
935658.715264 1916142.04527 5
935658.725408 1916142.21161 5
935658.753037 1916142.34454 5
935658.772051 1916142.51081 5
935658.79081 1916142.6438 5
935658.809655 1916142.78789 5
935658.819629 1916142.93204 5
935658.847343 1916143.07606 5
935658.857318 1916143.22022 5
935658.885031 1916143.36423 5
935658.90396 1916143.51941 5
935658.931759 1916143.67453 5
935658.950688 1916143.82971 5
935658.978572 1916143.99591 5
935658.997671 1916144.17328 5
935659.007816 1916144.33962 5
935659.02683 1916144.5059 5
935659.03706 1916144.68334 5
935659.065029 1916144.86064 5
935659.084043 1916145.02691 5
935659.112012 1916145.20421 5
935659.131026 1916145.37048 5
935659.14134 1916145.55902 5
935659.169139 1916145.71413 5
935659.179284 1916145.88047 5
935659.207083 1916146.03558 5
935659.217142 1916146.19083 5
935659.235986 1916146.33492 5
935659.254916 1916146.4901 5
935659.273845 1916146.64528 5
935659.283989 1916146.81162 5
935659.302919 1916146.9668 5
935659.321933 1916147.13307 5
935659.332162 1916147.31051 5
935659.351092 1916147.46569 5
935659.361321 1916147.64313 5
935659.371466 1916147.80947 5
935659.390565 1916147.98684 5
935659.40088 1916148.17537 5
935659.419979 1916148.35274 5
935659.430294 1916148.54127 5
935659.449478 1916148.72973 5
935659.459793 1916148.91826 5
935659.470022 1916149.0957 5
935659.471552 1916149.29539 5
935659.472998 1916149.48399 5
935659.492182 1916149.67245 5
935659.502497 1916149.86098 5
935659.504027 1916150.06067 5
935659.505472 1916150.24927 5
935659.506917 1916150.43787 5
935659.517232 1916150.6264 5
935659.518677 1916150.815 5
935659.511167 1916150.99257 5
935659.503743 1916151.18124 5
935659.505103 1916151.35874 5
935659.506463 1916151.53625 5
935659.507824 1916151.71375 5
935659.500229 1916151.88023 5
935659.510459 1916152.05766 5
935659.511734 1916152.22407 5
935659.513009 1916152.39048 5
935659.50533 1916152.54587 5
935659.497735 1916152.71235 5
935659.498926 1916152.86766 5
935659.500116 1916153.02298 5
935659.492436 1916153.17836 5
935659.493711 1916153.34477 5
935659.486032 1916153.50016 5
935659.487307 1916153.66657 5
935659.488582 1916153.83298 5
935659.480988 1916153.99946 5
935659.482178 1916154.15477 5
935659.483453 1916154.32118 5
935659.493598 1916154.48753 5
935659.486003 1916154.654 5
935659.487279 1916154.82041 5
935659.497508 1916154.99785 5
935659.489914 1916155.16433 5
935659.491189 1916155.33074 5
935659.474725 1916155.49729 5
935659.484785 1916155.65253 5
935659.477275 1916155.83011 5
935659.487335 1916155.98535 5
935659.479741 1916156.15183 5
935659.480931 1916156.30715 5
935659.473337 1916156.47363 5
935659.474527 1916156.62894 5
935659.475717 1916156.78426 5
935659.459168 1916156.93971 5
935659.460443 1916157.10612 5
935659.452764 1916157.26151 5
935659.453869 1916157.40573 5
935659.43732 1916157.56118 5
935659.44738 1916157.71643 5
935659.4397 1916157.87181 5
935659.431936 1916158.0161 5
935659.424256 1916158.17149 5
935659.416577 1916158.32687 5
935659.408898 1916158.48226 5
935659.401048 1916158.61545 5
935659.393369 1916158.77084 5
935659.394474 1916158.91506 5
935659.386795 1916159.07044 5
935659.37903 1916159.21473 5
935659.380305 1916159.38114 5
935659.381325 1916159.51427 5
935659.373816 1916159.69184 5
935659.366052 1916159.83613 5
935659.358372 1916159.99152 5
935659.359648 1916160.15793 5
935659.360753 1916160.30215 5
935659.353158 1916160.46863 5
935659.354348 1916160.62395 5
935659.355539 1916160.77926 5
935659.356814 1916160.94567 5
935659.358004 1916161.10099 5
935659.350324 1916161.25637 5
935659.351515 1916161.41169 5
935659.352875 1916161.58919 5
935659.354065 1916161.74451 5
935659.35534 1916161.91092 5
935659.347746 1916162.0774 5
935659.36676 1916162.24367 5
935659.36812 1916162.42118 5
935659.369395 1916162.58759 5
935659.37067 1916162.754 5
935659.3809 1916162.93143 5
935659.382175 1916163.09784 5
935659.39249 1916163.28637 5
935659.402719 1916163.46381 5
935659.412949 1916163.64125 5
935659.414309 1916163.81875 5
935659.415669 1916163.99626 5
935659.41703 1916164.17376 5
935659.427174 1916164.3401 5
935659.428619 1916164.5287 5
935659.438764 1916164.69504 5
935659.43134 1916164.88371 5
935659.43253 1916165.03903 5
935659.425106 1916165.22769 5
935659.426296 1916165.38301 5
935659.436525 1916165.56044 5
935659.428931 1916165.72692 5
935659.421337 1916165.8934 5
935659.413742 1916166.05988 5
935659.414932 1916166.2152 5
935659.416208 1916166.38161 5
935659.399744 1916166.54815 5
935659.401104 1916166.72566 5
935659.402209 1916166.86988 5
935659.394785 1916167.05855 5
935659.39589 1916167.20277 5
935659.38838 1916167.38034 5
935659.389571 1916167.53566 5
935659.390931 1916167.71316 5
935659.392206 1916167.87957 5
935659.384612 1916168.04605 5
935659.385972 1916168.22355 5
935659.378377 1916168.39003 5
935659.370868 1916168.5676 5
935659.363274 1916168.73408 5
935659.364634 1916168.91159 5
935659.365994 1916169.08909 5
935659.358485 1916169.26666 5
935659.359845 1916169.44417 5
935659.35225 1916169.61065 5
935659.344826 1916169.79931 5
935659.337317 1916169.97688 5
935659.329807 1916170.15446 5
935659.331168 1916170.33196 5
935659.332528 1916170.50947 5
935659.316149 1916170.68711 5
935659.317509 1916170.86461 5
935659.310085 1916171.05328 5
935659.311445 1916171.23078 5
935659.304021 1916171.41945 5
935659.296511 1916171.59702 5
935659.289002 1916171.77459 5
935659.281493 1916171.95216 5
935659.274068 1916172.14083 5
935659.266559 1916172.3184 5
935659.25018 1916172.49604 5
935659.251455 1916172.66245 5
935659.235161 1916172.85119 5
935659.227652 1916173.02876 5
935659.229012 1916173.20626 5
935659.221418 1916173.37274 5
935659.222863 1916173.56134 5
935659.215269 1916173.72782 5
935659.207759 1916173.90539 5
935659.20025 1916174.08296 5
935659.192656 1916174.24944 5
935659.185146 1916174.42701 5
935659.177552 1916174.59349 5
935659.161173 1916174.77113 5
935659.162533 1916174.94864 5
935659.155024 1916175.12621 5
935659.129861 1916175.31501 5
935659.140006 1916175.48135 5
935659.123712 1916175.67009 5
935659.116287 1916175.85875 5
935659.117563 1916176.02516 5
935659.110223 1916176.22492 5
935659.111498 1916176.39133 5
935659.113029 1916176.59103 5
935659.08778 1916176.76873 5
935659.089225 1916176.95733 5
935659.090586 1916177.13484 5
935659.091776 1916177.29015 5
935659.093136 1916177.46766 5
935659.094411 1916177.63407 5
935659.088092 1916177.96696 5
935659.089367 1916178.13337 5
935659.099512 1916178.29971 5
935659.091917 1916178.46619 5
935659.102062 1916178.63253 5
935659.103252 1916178.78785 5
935659.104442 1916178.94316 5
935659.105633 1916179.09848 5
935659.106908 1916179.26489 5
935659.108013 1916179.40911 5
935659.118242 1916179.58655 5
935659.110563 1916179.74193 5
935659.102969 1916179.90841 5
935659.104074 1916180.05263 5
935659.09648 1916180.21911 5
935659.106454 1916180.36327 5
935659.08999 1916180.52981 5
935659.091096 1916180.67403 5
935659.083416 1916180.82942 5
935659.075652 1916180.97371 5
935659.076842 1916181.12902 5
935659.060293 1916181.28448 5
935659.061398 1916181.4287 5
935659.053804 1916181.59518 5
935659.03734 1916181.76172 5
935659.029661 1916181.91711 5
935659.021982 1916182.07249 5
935659.014302 1916182.22788 5
935658.997838 1916182.39442 5
935658.990159 1916182.54981 5
935658.982565 1916182.71628 5
935658.966016 1916182.87174 5
935658.958337 1916183.02712 5
935658.941873 1916183.19367 5
935658.934278 1916183.36015 5
935658.926599 1916183.51553 5
935658.91892 1916183.67091 5
935658.911155 1916183.8152 5
935658.903561 1916183.98168 5
935658.895797 1916184.12597 5
935658.896987 1916184.28129 5
935658.898092 1916184.42551 5
935658.899197 1916184.56973 5
935658.891348 1916184.70293 5
935658.892368 1916184.83606 5
935658.884519 1916184.96925 5
935658.885539 1916185.10238 5
935658.886559 1916185.23551 5
935658.887664 1916185.37973 5
935658.897554 1916185.51279 5
935658.889704 1916185.64599 5
935658.899509 1916185.76796 5
935658.891745 1916185.91225 5
935658.901719 1916186.0564 5
935658.902909 1916186.21172 5
935658.904015 1916186.35594 5
935658.905205 1916186.51126 5
935658.906395 1916186.66657 5
935658.9075 1916186.81079 5
935658.908775 1916186.9772 5
935658.909965 1916187.13252 5
935658.911155 1916187.28784 5
935658.912346 1916187.44315 5
935658.913536 1916187.59847 5
935658.905856 1916187.75385 5
935658.899367 1916188.06455 5
935658.900387 1916188.19768 5
935658.883924 1916188.36423 5
935658.876159 1916188.50852 5
935658.859611 1916188.66397 5
935658.851846 1916188.80826 5
935658.853121 1916188.97467 5
935658.836488 1916189.11903 5
935658.837763 1916189.28544 5
935658.821214 1916189.44089 5
935658.822404 1916189.59621 5
935658.80594 1916189.76275 5
935658.798261 1916189.91814 5
935658.808491 1916190.09558 5
935658.782987 1916190.24 5
935658.775478 1916190.41757 5
935658.767714 1916190.56186 5
935658.777858 1916190.72821 5
935658.752525 1916190.89482 5
935658.76267 1916191.06116 5
935658.754905 1916191.20545 5
935658.747311 1916191.37193 5
935658.748501 1916191.52725 5
935658.758646 1916191.69359 5
935658.742012 1916191.83795 5
935658.743202 1916191.99326 5
935658.744307 1916192.13749 5
935658.745498 1916192.2928 5
935658.746433 1916192.41484 5
935658.747623 1916192.57015 5
935658.748643 1916192.70328 5
935658.740879 1916192.84757 5
935658.741899 1916192.9807 5
935658.751788 1916193.11376 5
935658.735155 1916193.25812 5
935658.745044 1916193.39118 5
935658.746064 1916193.52431 5
935658.747 1916193.64634 5
935658.730281 1916193.77961 5
935658.74017 1916193.91267 5
935658.723707 1916194.07921 5
935658.707158 1916194.23466 5
935658.708518 1916194.41217 5
935658.692139 1916194.58981 5
935658.666891 1916194.76752 5
935658.659382 1916194.94509 5
935658.642918 1916195.11164 5
935658.635324 1916195.27811 5
935658.61886 1916195.44466 5
935658.611266 1916195.61114 5
935658.594802 1916195.77768 5
935658.578338 1916195.94423 5
935658.561704 1916196.08859 5
935658.554195 1916196.26616 5
935658.564255 1916196.42141 5
935658.538921 1916196.58802 5
935658.522373 1916196.74348 5
935658.514778 1916196.90995 5
935658.498314 1916197.0765 5
935658.49089 1916197.26517 5
935658.474426 1916197.43171 5
935658.449263 1916197.62052 5
935658.415316 1916197.82048 5
935658.390237 1916198.02038 5
935658.365159 1916198.22027 5
935658.339996 1916198.40907 5
935658.323872 1916198.62 5
935658.298709 1916198.8088 5
935658.282415 1916198.99753 5
935658.257252 1916199.18634 5
935658.249828 1916199.375 5
935658.251358 1916199.57469 5
935658.235064 1916199.76343 5
935658.227555 1916199.941 5
935658.220216 1916200.14076 5
935658.221576 1916200.31827 5
935658.214237 1916200.51803 5
935658.215512 1916200.68444 5
935658.216957 1916200.87303 5
935658.191624 1916201.03965 5
935658.193069 1916201.22825 5
935658.17669 1916201.40589 5
935658.160397 1916201.59462 5
935658.152802 1916201.7611 5
935658.145293 1916201.93867 5
935658.137699 1916202.10515 5
935658.130105 1916202.27163 5
935658.104856 1916202.44934 5
935658.097177 1916202.60472 5
935658.071844 1916202.77133 5
935658.064165 1916202.92672 5
935658.038661 1916203.07115 5
935658.030982 1916203.22653 5
935658.014263 1916203.35979 5
935658.006499 1916203.50408 5
935657.972041 1916203.63748 5
935657.973062 1916203.77061 5
935657.956258 1916203.89278 5
935657.930584 1916204.01502 5
935657.913866 1916204.14828 5
935657.896892 1916204.24827 5
935657.888958 1916204.37037 5
935657.863199 1916204.48151 5
935657.855265 1916204.60362 5
935657.847076 1916204.69244 5
935657.830187 1916204.80351 5
935657.813128 1916204.8924 5
935657.796154 1916204.99238 5
935657.77918 1916205.09236 5
935657.753422 1916205.20351 5
935657.736533 1916205.31458 5
935657.719815 1916205.44785 5
935657.703096 1916205.58111 5
935657.660024 1916205.74786 5
935657.652344 1916205.90325 5
935657.618057 1916206.05884 5
935657.592724 1916206.22545 5
935657.56722 1916206.36988 5
935657.559541 1916206.52526 5
935657.525168 1916206.66975 5
935657.50862 1916206.82521 5
935657.483031 1916206.95854 5
935657.466398 1916207.1029 5
935657.449594 1916207.22507 5
935657.43296 1916207.36942 5
935657.416156 1916207.49159 5
935657.399353 1916207.61377 5
935657.373594 1916207.72491 5
935657.356791 1916207.84708 5
935657.348856 1916207.96918 5
935657.331968 1916208.08026 5
935657.323948 1916208.19127 5
935657.333753 1916208.31323 5
935657.307995 1916208.42438 5
935657.30893 1916208.54641 5
935657.300995 1916208.66851 5
935657.293231 1916208.8128 5
935657.285382 1916208.946 5
935657.268833 1916209.10145 5
935657.25339 1916209.40113 5
935657.24571 1916209.55651 5
935657.246901 1916209.71183 5
935657.230352 1916209.86728 5
935657.213633 1916210.00054 5
935657.205869 1916210.14483 5
935657.189235 1916210.28919 5
935657.181386 1916210.42239 5
935657.173536 1916210.55558 5
935657.156903 1916210.69994 5
935657.149053 1916210.83314 5
935657.141204 1916210.96633 5
935657.13327 1916211.08844 5
935657.13429 1916211.22156 5
935657.117486 1916211.34373 5
935657.109467 1916211.45474 5
935657.110402 1916211.57678 5
935657.102383 1916211.68779 5
935657.094364 1916211.79879 5
935657.095214 1916211.90973 5
935657.087279 1916212.03184 5
935657.096999 1916212.14271 5
935657.089065 1916212.26481 5
935657.090085 1916212.39794 5
935657.09119 1916212.54216 5
935657.083341 1916212.67536 5
935657.084446 1916212.81958 5
935657.085636 1916212.9749 5
935657.086826 1916213.13021 5
935657.096801 1916213.27437 5
935657.097906 1916213.41859 5
935657.099011 1916213.56281 5
935657.100202 1916213.71813 5
935657.110091 1916213.85119 5
935657.102327 1916213.99548 5
935657.112217 1916214.12854 5
935657.122191 1916214.27269 5
935657.123126 1916214.39473 5
935657.133016 1916214.52779 5
935657.142821 1916214.64975 5
935657.16158 1916214.78275 5
935657.162515 1916214.90478 5
935657.172404 1916215.03784 5
935657.173255 1916215.14878 5
935657.192099 1916215.29287 5
935657.201903 1916215.41483 5
935657.220747 1916215.55892 5
935657.239676 1916215.7141 5
935657.258521 1916215.85819 5
935657.286234 1916216.0022 5
935657.287339 1916216.14643 5
935657.315053 1916216.29044 5
935657.333812 1916216.42344 5
935657.352741 1916216.57862 5
935657.380369 1916216.71154 5
935657.390429 1916216.86679 5
935657.417973 1916216.98862 5
935657.428032 1916217.14387 5
935657.46453 1916217.27672 5
935657.465635 1916217.42095 5
935657.493264 1916217.55387 5
935657.520977 1916217.69789 5
935657.530952 1916217.84204 5
935657.567535 1916217.98599 5
935657.586379 1916218.13008 5
935657.640616 1916218.2628 5
935657.614943 1916218.38504 5
935657.66935 1916218.53995 5
935657.705763 1916218.66171 5
935657.733476 1916218.80573 5
935657.752235 1916218.93872 5
935657.779779 1916219.06055 5
935657.825061 1916219.18225 5
935657.825911 1916219.29319 5
935657.862494 1916219.43714 5
935657.907692 1916219.54774 5
935657.926451 1916219.68073 5
935657.971733 1916219.80242 5
935657.999447 1916219.94644 5
935658.035775 1916220.05711 5
935658.072357 1916220.20106 5
935658.099986 1916220.33398 5
935658.154138 1916220.45561 5
935658.181851 1916220.59963 5
935658.244788 1916220.71009 5
935658.272416 1916220.84302 5
935658.317783 1916220.97581 5
935658.363151 1916221.1086 5
935658.417388 1916221.24132 5
935658.453886 1916221.37417 5
935658.508037 1916221.4958 5
935658.55332 1916221.61749 5
935658.598687 1916221.75028 5
935658.644055 1916221.88307 5
935658.698121 1916221.9936 5
935658.743489 1916222.12639 5
935658.80651 1916222.24795 5
935658.842838 1916222.35862 5
935658.888035 1916222.46922 5
935658.942102 1916222.57975 5
935658.996169 1916222.69028 5
935659.050151 1916222.78972 5
935659.095263 1916222.88923 5
935659.149245 1916222.98867 5
935659.185488 1916223.08824 5
935659.23043 1916223.16556 5
935659.275457 1916223.25397 5
935659.32057 1916223.35348 5
935659.374381 1916223.43073 5
935659.410454 1916223.50811 5
935659.455481 1916223.59653 5
935659.491554 1916223.67391 5
935659.527627 1916223.7513 5
935659.572569 1916223.82862 5
935659.608557 1916223.89491 5
935659.64446 1916223.95011 5
935659.671579 1916224.01647 5
935659.707566 1916224.08276 5
935659.7346 1916224.13803 5
935659.761633 1916224.19329 5
935659.779712 1916224.23753 5
935659.806745 1916224.2928 5
935659.81587 1916224.32601 5
935659.842903 1916224.38128 5
935659.852113 1916224.42559 5
935659.870107 1916224.45873 5
935659.888101 1916224.49188 5
935659.906095 1916224.52503 5
935659.915134 1916224.54715 5
935659.933043 1916224.5692 5
935659.942082 1916224.59132 5
935659.951122 1916224.61344 5
935659.960076 1916224.62446 5
935659.969031 1916224.63549 5
935659.969201 1916224.65768 5
935659.97807 1916224.65761 5
935659.978155 1916224.6687 5
935659.978155 1916224.6687 5
935659.97824 1916224.6798 5
935659.98711 1916224.67973 5
935659.98711 1916224.67973 5
935659.97824 1916224.6798 5
935659.97824 1916224.6798 5
935659.98711 1916224.67973 5
935659.97824 1916224.6798 5
935659.98711 1916224.67973 5
935659.98711 1916224.67973 5
935659.98711 1916224.67973 5
935659.987025 1916224.66864 5
935659.978155 1916224.6687 5
935659.987025 1916224.66864 5
935659.978155 1916224.6687 5
935659.978155 1916224.6687 5
935659.978155 1916224.6687 5
935659.978155 1916224.6687 5
935659.978155 1916224.6687 5
935659.978155 1916224.6687 5
935659.978155 1916224.6687 5
935659.978155 1916224.6687 5
935659.978155 1916224.6687 5
935659.978155 1916224.6687 5
935659.978155 1916224.6687 5
935659.978155 1916224.6687 5
935659.97807 1916224.65761 5
935659.97807 1916224.65761 5
935659.978155 1916224.6687 5
935659.97807 1916224.65761 5
935659.978155 1916224.6687 5
935659.97807 1916224.65761 5
935659.978155 1916224.6687 5
935659.978155 1916224.6687 5
935659.978155 1916224.6687 5
935659.97807 1916224.65761 5
935659.978155 1916224.6687 5
935659.978155 1916224.6687 5
935659.978155 1916224.6687 5
935659.978155 1916224.6687 5
935659.978155 1916224.6687 5
935659.978155 1916224.6687 5
935659.97807 1916224.65761 5
935659.978155 1916224.6687 5
935659.97807 1916224.65761 5
935659.978155 1916224.6687 5
935659.978155 1916224.6687 5
935659.978155 1916224.6687 5
935659.978155 1916224.6687 5
935659.978155 1916224.6687 5
935659.987025 1916224.66864 5
935659.978155 1916224.6687 5
935659.978155 1916224.6687 5
935659.978155 1916224.6687 5
935659.978155 1916224.6687 5
935659.978155 1916224.6687 5
935659.978155 1916224.6687 5
935659.97807 1916224.65761 5
935659.978155 1916224.6687 5
935659.978155 1916224.6687 5
935659.97807 1916224.65761 5
935659.97807 1916224.65761 5
935659.97807 1916224.65761 5
935659.97807 1916224.65761 5
935659.98711 1916224.67973 5
935659.996064 1916224.69076 5
935660.005189 1916224.72397 5
935660.014398 1916224.76828 5
935660.041346 1916224.81245 5
935660.06838 1916224.86772 5
935660.113237 1916224.93394 5
935660.158264 1916225.02235 5
935660.203292 1916225.11077 5
935660.266143 1916225.21014 5
935660.329079 1916225.3206 5
935660.418624 1916225.43086 5
935660.490344 1916225.53016 5
935660.571019 1916225.64049 5
935660.660394 1916225.72856 5
935660.732029 1916225.81677 5
935660.830188 1916225.89368 5
935660.910693 1916225.98182 5
935660.999983 1916226.0588 5
935661.089272 1916226.13578 5
935661.169607 1916226.20173 5
935661.267681 1916226.26755 5
935661.356886 1916226.33343 5
935661.44609 1916226.39932 5
935661.553034 1916226.46507 5
935661.642238 1916226.53095 5
935661.740397 1916226.60786 5
935661.838471 1916226.67368 5
935661.93663 1916226.75059 5
935662.043573 1916226.81634 5
935662.150686 1916226.90428 5
935662.257715 1916226.98112 5
935662.391436 1916227.06885 5
935662.516374 1916227.16775 5
935662.641226 1916227.25555 5
935662.774948 1916227.34328 5
935662.908669 1916227.43101 5
935663.033521 1916227.51881 5
935663.176027 1916227.59538 5
935663.29201 1916227.68325 5
935663.434516 1916227.75982 5
935663.559284 1916227.83653 5
935663.69292 1916227.91317 5
935663.808818 1916227.98994 5
935663.951324 1916228.06651 5
935664.067052 1916228.1211 5
935664.200688 1916228.19774 5
935664.32537 1916228.26335 5
935664.459007 1916228.33999 5
935664.592389 1916228.38335 5
935664.717156 1916228.46005 5
935664.850622 1916228.5145 5
935664.992959 1916228.56889 5
935665.117641 1916228.6345 5
935665.268761 1916228.67772 5
935665.411267 1916228.75429 5
935665.544649 1916228.79765 5
935665.695854 1916228.85196 5
935665.838105 1916228.89525 5
935665.980356 1916228.93854 5
935666.140431 1916228.99279 5
935666.291552 1916229.03601 5
935666.451627 1916229.09025 5
935666.620571 1916229.14443 5
935666.771521 1916229.16547 5
935666.940466 1916229.21965 5
935667.091501 1916229.25177 5
935667.242452 1916229.2728 5
935667.402441 1916229.31596 5
935667.535653 1916229.33713 5
935667.722166 1916229.36898 5
935667.864332 1916229.40118 5
935668.041891 1916229.422 5
935668.183972 1916229.44311 5
935668.343792 1916229.46407 5
935668.494657 1916229.47401 5
935668.663262 1916229.48381 5
935668.814212 1916229.50484 5
935668.973947 1916229.51472 5
935669.133682 1916229.52459 5
935669.293417 1916229.53446 5
935669.444197 1916229.5333 5
935669.612801 1916229.54311 5
935669.763582 1916229.54195 5
935669.932101 1916229.54066 5
935670.082967 1916229.5506 5
935670.233662 1916229.53835 5
935670.393397 1916229.54822 5
935670.544262 1916229.55816 5
935670.703912 1916229.55693 5
935670.845993 1916229.57804 5
935671.005643 1916229.57681 5
935671.147639 1916229.58682 5
935671.298504 1916229.59676 5
935671.431631 1916229.60683 5
935671.573627 1916229.61684 5
935671.724577 1916229.63787 5
935671.857619 1916229.63685 5
935672.008484 1916229.64679 5
935672.15048 1916229.6568 5
935672.283607 1916229.66687 5
935672.416734 1916229.67695 5
935672.558645 1916229.67586 5
935672.682902 1916229.686 5
935672.824813 1916229.68492 5
935672.957939 1916229.69499 5
935673.099935 1916229.705 5
935673.232892 1916229.69288 5
935673.374973 1916229.71399 5
935673.49906 1916229.70194 5
935673.641056 1916229.71195 5
935673.774182 1916229.72202 5
935673.898269 1916229.70998 5
935674.040265 1916229.71998 5
935674.164353 1916229.70794 5
935674.297394 1916229.70692 5
935674.43939 1916229.71693 5
935674.563562 1916229.71597 5
935674.696689 1916229.72605 5
935674.820861 1916229.7251 5
935674.945118 1916229.73524 5
935675.078245 1916229.74532 5
935675.202417 1916229.74436 5
935675.335628 1916229.76553 5
935675.4598 1916229.76458 5
935675.592927 1916229.77466 5
935675.717184 1916229.7848 5
935675.859095 1916229.78371 5
935676.001091 1916229.79372 5
935676.134218 1916229.80379 5
935676.267259 1916229.80277 5
935676.391601 1916229.82401 5
935676.515773 1916229.82306 5
935676.6489 1916229.83313 5
935676.773157 1916229.84328 5
935676.906199 1916229.84226 5
935677.030541 1916229.8635 5
935677.154713 1916229.86254 5
935677.27897 1916229.87269 5
935677.420966 1916229.88269 5
935677.536269 1916229.88181 5
935677.669395 1916229.89189 5
935677.793567 1916229.89093 5
935677.917739 1916229.88998 5
935678.050781 1916229.88896 5
935678.183907 1916229.89904 5
935678.325818 1916229.89795 5
935678.44999 1916229.897 5
935678.600856 1916229.90694 5
935678.733812 1916229.89483 5
935678.893547 1916229.9047 5
935679.035458 1916229.90361 5
935679.186324 1916229.91355 5
935679.31945 1916229.92362 5
935679.461361 1916229.92254 5
935679.603442 1916229.94364 5
935679.745353 1916229.94255 5
935679.87848 1916229.95263 5
935680.011606 1916229.9627 5
935680.144648 1916229.96168 5
935680.277859 1916229.98285 5
935680.41977 1916229.98176 5
935680.552982 1916230.00293 5
935680.694978 1916230.01294 5
935680.81915 1916230.01199 5
935680.952276 1916230.02206 5
935681.094187 1916230.02098 5
935681.236183 1916230.03098 5
935681.36931 1916230.04106 5
935681.520175 1916230.051 5
935681.653302 1916230.06107 5
935681.804167 1916230.07101 5
935681.937209 1916230.06999 5
935682.079205 1916230.08 5
935682.229985 1916230.07884 5
935682.363027 1916230.07782 5
935682.513807 1916230.07667 5
935682.655718 1916230.07558 5
935682.806499 1916230.07443 5
935682.94841 1916230.07334 5
935683.090321 1916230.07225 5
935683.232232 1916230.07117 5
935683.374143 1916230.07008 5
935683.507099 1916230.05797 5
935683.666834 1916230.06784 5
935683.799791 1916230.05572 5
935683.941702 1916230.05464 5
935684.074743 1916230.05362 5
935684.225524 1916230.05246 5
935684.358565 1916230.05144 5
935684.509345 1916230.05029 5
935684.642302 1916230.03818 5
935684.784298 1916230.04818 5
935684.908385 1916230.03614 5
935685.050296 1916230.03505 5
935685.183253 1916230.02294 5
935685.30734 1916230.01089 5
935685.449251 1916230.0098 5
935685.573338 1916229.99776 5
935685.714994 1916229.96339 5
935685.830212 1916229.95141 5
935685.963083 1916229.92821 5
935686.095955 1916229.905 5
935686.219957 1916229.88186 5
935686.361698 1916229.85858 5
935686.485615 1916229.82435 5
935686.627271 1916229.78998 5
935686.760058 1916229.75568 5
935686.901714 1916229.72131 5
935687.05207 1916229.66469 5
935687.193726 1916229.63032 5
935687.335212 1916229.57376 5
935687.485567 1916229.51714 5
935687.627054 1916229.46058 5
935687.76854 1916229.40402 5
935687.918895 1916229.3474 5
935688.051427 1916229.27981 5
935688.175259 1916229.23449 5
935688.316405 1916229.13355 5
935688.457976 1916229.08809 5
935688.572684 1916229.00955 5
935688.705131 1916228.93087 5
935688.837748 1916228.87438 5
935688.952541 1916228.80694 5
935689.067334 1916228.73949 5
935689.182041 1916228.66095 5
935689.305619 1916228.58234 5
935689.411457 1916228.50386 5
935689.517466 1916228.44758 5
935689.632089 1916228.35794 5
935689.720188 1916228.27961 5
935689.834811 1916228.18997 5
935689.93178 1916228.11157 5
935690.046318 1916228.01084 5
935690.151987 1916227.91018 5
935690.248786 1916227.80958 5
935690.363239 1916227.69776 5
935690.451083 1916227.58614 5
935690.547712 1916227.46336 5
935690.662165 1916227.35153 5
935690.758795 1916227.22875 5
935690.864293 1916227.1059 5
935690.960922 1916226.98312 5
935691.048512 1916226.83822 5
935691.154011 1916226.71537 5
935691.241516 1916226.55938 5
935691.32919 1916226.42557 5
935691.407996 1916226.29183 5
935691.495501 1916226.13583 5
935691.565436 1916226.00216 5
935691.644157 1916225.85733 5
935691.705223 1916225.72372 5
935691.784029 1916225.58998 5
935691.845095 1916225.45638 5
935691.914946 1916225.31161 5
935691.976097 1916225.1891 5
935692.045778 1916225.02215 5
935692.097976 1916224.88862 5
935692.150088 1916224.74399 5
935692.19333 1916224.59942 5
935692.263096 1916224.44356 5
935692.279561 1916224.27702 5
935692.340457 1916224.12123 5
935692.374915 1916223.98783 5
935692.418073 1916223.83217 5
935692.434622 1916223.67672 5
935692.433433 1916223.5214 5
935692.467636 1916223.35472 5
935692.49314 1916223.21029 5
935692.518559 1916223.05477 5
935692.526238 1916222.89939 5
935692.551657 1916222.74387 5
935692.550383 1916222.57746 5
935692.59354 1916222.4218 5
935692.556788 1916222.25566 5
935692.582122 1916222.08905 5
935692.572148 1916221.9449 5
935692.579658 1916221.76732 5
935692.587338 1916221.61194 5
935692.586063 1916221.44553 5
935692.584874 1916221.29021 5
935692.610292 1916221.13469 5
935692.626927 1916220.99033 5
935692.634522 1916220.82386 5
935692.651071 1916220.6684 5
935692.67649 1916220.51288 5
935692.666431 1916220.35764 5
935692.691765 1916220.19102 5
935692.699445 1916220.03564 5
935692.715909 1916219.86909 5
935692.732458 1916219.71364 5
935692.740138 1916219.55825 5
935692.765472 1916219.39164 5
935692.764198 1916219.22523 5
935692.780832 1916219.08087 5
935692.788342 1916218.9033 5
935692.804891 1916218.74785 5
935692.812316 1916218.55918 5
935692.846434 1916218.38141 5
935692.827506 1916218.22623 5
935692.84397 1916218.05968 5
935692.85165 1916217.90429 5
935692.859245 1916217.73782 5
935692.857971 1916217.57141 5
935692.87435 1916217.39377 5
935692.846467 1916217.22756 5
935692.854232 1916217.08327 5
935692.835304 1916216.92809 5
935692.842899 1916216.76161 5
935692.815101 1916216.6065 5
935692.858259 1916216.45084 5
935692.830376 1916216.28464 5
935692.829186 1916216.12932 5
935692.836866 1916215.97394 5
935692.826722 1916215.80759 5
935692.816493 1916215.63016 5
935692.815304 1916215.47484 5
935692.813944 1916215.29734 5
935692.812755 1916215.14202 5
935692.838088 1916214.97541 5
935692.854553 1916214.80886 5
935692.853278 1916214.64245 5
935692.869743 1916214.4759 5
935692.868468 1916214.30949 5
935692.876063 1916214.14301 5
935692.901397 1916213.9764 5
935692.917861 1916213.80985 5
935692.916672 1916213.65454 5
935692.95096 1916213.49895 5
935692.95864 1916213.34357 5
935692.975189 1916213.18811 5
935692.982869 1916213.03273 5
935692.990549 1916212.87735 5
935693.015968 1916212.72182 5
935693.014864 1916212.5776 5
935693.013759 1916212.43338 5
935693.021524 1916212.28909 5
935693.020504 1916212.15596 5
935693.01053 1916212.01181 5
935693.009511 1916211.87868 5
935693.008321 1916211.72336 5
935693.016171 1916211.59017 5
935693.015066 1916211.44594 5
935692.996138 1916211.29076 5
935693.003818 1916211.13538 5
935692.993759 1916210.98013 5
935693.001439 1916210.82475 5
935693.000079 1916210.64724 5
935692.989935 1916210.4809 5
935692.988576 1916210.3034 5
935692.996086 1916210.12582 5
935692.985857 1916209.94839 5
935692.984498 1916209.77088 5
935692.983138 1916209.59338 5
935692.990733 1916209.4269 5
935692.989289 1916209.2383 5
935692.988014 1916209.07189 5
935692.995609 1916208.90541 5
935692.994335 1916208.739 5
935693.001929 1916208.57253 5
935693.009524 1916208.40605 5
935693.017204 1916208.25066 5
935693.024799 1916208.08418 5
935693.032479 1916207.9288 5
935693.048944 1916207.76225 5
935693.056624 1916207.60687 5
935693.073258 1916207.46251 5
935693.080938 1916207.30713 5
935693.097487 1916207.15168 5
935693.105252 1916207.00739 5
935693.113017 1916206.8631 5
935693.120782 1916206.71881 5
935693.128547 1916206.57452 5
935693.136312 1916206.43022 5
935693.144162 1916206.29703 5
935693.143057 1916206.15281 5
935693.159691 1916206.00845 5
935693.149632 1916205.8532 5
935693.157397 1916205.70891 5
935693.156123 1916205.5425 5
935693.154933 1916205.38718 5
935693.162528 1916205.22071 5
935693.152384 1916205.05436 5
935693.151025 1916204.87686 5
935693.14975 1916204.71045 5
935693.148306 1916204.52185 5
935693.138077 1916204.34441 5
935693.136718 1916204.16691 5
935693.135273 1916203.97831 5
935693.125044 1916203.80087 5
935693.132469 1916203.61221 5
935693.12224 1916203.43477 5
935693.12975 1916203.2572 5
935693.119521 1916203.07976 5
935693.118077 1916202.89116 5
935693.125587 1916202.71359 5
935693.115358 1916202.53616 5
935693.122868 1916202.35858 5
935693.112639 1916202.18115 5
935693.11128 1916202.00364 5
935693.100966 1916201.81511 5
935693.099691 1916201.6487 5
935693.098332 1916201.4712 5
935693.096972 1916201.29369 5
935693.086743 1916201.11626 5
935693.085384 1916200.93875 5
935693.07524 1916200.77241 5
935693.08275 1916200.59484 5
935693.081475 1916200.42843 5
935693.080201 1916200.26202 5
935693.087796 1916200.09554 5
935693.086521 1916199.92913 5
935693.094116 1916199.76265 5
935693.092842 1916199.59624 5
935693.100522 1916199.44086 5
935693.108202 1916199.28547 5
935693.115712 1916199.1079 5
935693.132176 1916198.94135 5
935693.139686 1916198.76378 5
935693.147196 1916198.58621 5
935693.17236 1916198.39741 5
935693.188655 1916198.20867 5
935693.196165 1916198.0311 5
935693.212374 1916197.83127 5
935693.219799 1916197.64261 5
935693.236094 1916197.45387 5
935693.243604 1916197.2763 5
935693.251029 1916197.08763 5
935693.267408 1916196.90999 5
935693.274833 1916196.72133 5
935693.282259 1916196.53266 5
935693.289769 1916196.35509 5
935693.297194 1916196.16642 5
935693.295834 1916195.98892 5
935693.294475 1916195.81141 5
935693.301985 1916195.63384 5
935693.300625 1916195.45634 5
935693.30822 1916195.28986 5
935693.306861 1916195.11235 5
935693.305586 1916194.94594 5
935693.313096 1916194.76837 5
935693.320691 1916194.60189 5
935693.328286 1916194.43542 5
935693.335881 1916194.26894 5
935693.343476 1916194.10246 5
935693.351071 1916193.93598 5
935693.358751 1916193.7806 5
935693.375216 1916193.61405 5
935693.382811 1916193.44757 5
935693.399275 1916193.28103 5
935693.40687 1916193.11455 5
935693.42325 1916192.93691 5
935693.448668 1916192.78139 5
935693.456263 1916192.61491 5
935693.481682 1916192.45939 5
935693.498062 1916192.28175 5
935693.505657 1916192.11527 5
935693.522036 1916191.93763 5
935693.529546 1916191.76006 5
935693.537056 1916191.58249 5
935693.535612 1916191.39389 5
935693.543037 1916191.20522 5
935693.541678 1916191.02772 5
935693.540233 1916190.83912 5
935693.538704 1916190.63943 5
935693.537344 1916190.46192 5
935693.535815 1916190.26223 5
935693.534456 1916190.08473 5
935693.532926 1916189.88503 5
935693.531567 1916189.70753 5
935693.530122 1916189.51893 5
935693.528763 1916189.34143 5
935693.527318 1916189.15283 5
935693.51709 1916188.97539 5
935693.524515 1916188.78673 5
935693.52324 1916188.62032 5
935693.521881 1916188.44281 5
935693.529391 1916188.26524 5
935693.528031 1916188.08773 5
935693.535626 1916187.92126 5
935693.543221 1916187.75478 5
935693.550816 1916187.5883 5
935693.549542 1916187.42189 5
935693.557137 1916187.25541 5
935693.564732 1916187.08893 5
935693.572412 1916186.93355 5
935693.580007 1916186.76707 5
935693.587687 1916186.61169 5
935693.595282 1916186.44521 5
935693.594092 1916186.28989 5
935693.601687 1916186.12341 5
935693.609282 1916185.95694 5
935693.625747 1916185.79039 5
935693.633427 1916185.63501 5
935693.649806 1916185.45736 5
935693.657401 1916185.29089 5
935693.673781 1916185.11325 5
935693.672421 1916184.93574 5
935693.688801 1916184.7581 5
935693.70518 1916184.58046 5
935693.712605 1916184.3918 5
935693.711246 1916184.21429 5
935693.718586 1916184.01453 5
935693.726011 1916183.82586 5
935693.724482 1916183.62617 5
935693.723037 1916183.43757 5
935693.721508 1916183.23788 5
935693.720064 1916183.04928 5
935693.718534 1916182.84959 5
935693.71709 1916182.66099 5
935693.71556 1916182.4613 5
935693.714201 1916182.2838 5
935693.703802 1916182.08417 5
935693.702358 1916181.89557 5
935693.709783 1916181.70691 5
935693.708338 1916181.51831 5
935693.715764 1916181.32964 5
935693.714319 1916181.14104 5
935693.721829 1916180.96347 5
935693.720385 1916180.77487 5
935693.72781 1916180.58621 5
935693.735235 1916180.39754 5
935693.733875 1916180.22004 5
935693.75017 1916180.0313 5
935693.75768 1916179.85373 5
935693.773975 1916179.665 5
935693.7814 1916179.47633 5
935693.78891 1916179.29876 5
935693.814074 1916179.10996 5
935693.821584 1916178.93238 5
935693.837879 1916178.74365 5
935693.854258 1916178.56601 5
935693.870638 1916178.38837 5
935693.887017 1916178.21073 5
935693.894442 1916178.02206 5
935693.910822 1916177.84442 5
935693.918332 1916177.66685 5
935693.925842 1916177.48928 5
935693.933352 1916177.31171 5
935693.940692 1916177.11195 5
935693.939333 1916176.93444 5
935693.946758 1916176.74577 5
935693.945398 1916176.56827 5
935693.935084 1916176.37974 5
935693.93381 1916176.21333 5
935693.932366 1916176.02473 5
935693.931006 1916175.84723 5
935693.920692 1916175.6587 5
935693.910463 1916175.48126 5
935693.909019 1916175.29266 5
935693.907659 1916175.11516 5
935693.897346 1916174.92663 5
935693.887117 1916174.74919 5
935693.885757 1916174.57169 5
935693.875528 1916174.39425 5
935693.874169 1916174.21675 5
935693.86394 1916174.03931 5
935693.86258 1916173.86181 5
935693.861221 1916173.6843 5
935693.850992 1916173.50686 5
935693.858417 1916173.3182 5
935693.857143 1916173.15179 5
935693.855783 1916172.97428 5
935693.863293 1916172.79671 5
935693.861934 1916172.61921 5
935693.860659 1916172.4528 5
935693.859215 1916172.2642 5
935693.86681 1916172.09772 5
935693.865451 1916171.92022 5
935693.873046 1916171.75374 5
935693.862817 1916171.5763 5
935693.870412 1916171.40982 5
935693.869052 1916171.23232 5
935693.876732 1916171.07693 5
935693.875458 1916170.91052 5
935693.874183 1916170.74411 5
935693.881778 1916170.57764 5
935693.871719 1916170.42239 5
935693.87053 1916170.26707 5
935693.878125 1916170.10059 5
935693.876935 1916169.94528 5
935693.884531 1916169.7788 5
935693.892211 1916169.62341 5
935693.890936 1916169.457 5
935693.889747 1916169.30169 5
935693.897342 1916169.13521 5
935693.896152 1916168.97989 5
935693.886008 1916168.81355 5
935693.884819 1916168.65823 5
935693.883629 1916168.50292 5
935693.891224 1916168.33644 5
935693.890035 1916168.18112 5
935693.888845 1916168.02581 5
935693.89644 1916167.85933 5
935693.90412 1916167.70394 5
935693.893976 1916167.5376 5
935693.910526 1916167.38215 5
935693.909336 1916167.22683 5
935693.925886 1916167.07138 5
935693.924696 1916166.91607 5
935693.941331 1916166.77171 5
935693.948926 1916166.60523 5
935693.956776 1916166.47203 5
935693.973325 1916166.31658 5
935693.972221 1916166.17236 5
935693.98877 1916166.01691 5
935693.987666 1916165.87268 5
935694.004215 1916165.71723 5
935694.012065 1916165.58404 5
935694.010876 1916165.42872 5
935694.018641 1916165.28443 5
935694.017536 1916165.14021 5
935694.03417 1916164.99585 5
935694.033066 1916164.85163 5
935694.040831 1916164.70734 5
935694.039726 1916164.56311 5
935694.047491 1916164.41882 5
935694.046387 1916164.2746 5
935694.045282 1916164.13038 5
935694.044178 1916163.98616 5
935694.043073 1916163.84194 5
935694.050838 1916163.69765 5
935694.040864 1916163.55349 5
935694.048544 1916163.39811 5
935694.04744 1916163.25388 5
935694.055205 1916163.10959 5
935694.0541 1916162.96537 5
935694.052996 1916162.82115 5
935694.06076 1916162.67686 5
935694.059656 1916162.53264 5
935694.067506 1916162.39944 5
935694.066401 1916162.25522 5
935694.074166 1916162.11093 5
935694.082016 1916161.97773 5
935694.080912 1916161.83351 5
935694.088762 1916161.70031 5
935694.096527 1916161.55602 5
935694.095507 1916161.4229 5
935694.112227 1916161.28963 5
935694.111122 1916161.14541 5
935694.127841 1916161.01215 5
935694.135691 1916160.87895 5
935694.152411 1916160.74569 5
935694.160176 1916160.6014 5
935694.168026 1916160.4682 5
935694.18466 1916160.32384 5
935694.201295 1916160.17948 5
935694.209145 1916160.04629 5
935694.21691 1916159.902 5
935694.224675 1916159.75771 5
935694.232525 1916159.62451 5
935694.24029 1916159.48022 5
935694.248055 1916159.33593 5
935694.255905 1916159.20273 5
935694.2548 1916159.05851 5
935694.253695 1916158.91429 5
935694.261545 1916158.78109 5
935694.260441 1916158.63687 5
935694.268206 1916158.49258 5
935694.267101 1916158.34836 5
935694.274866 1916158.20407 5
935694.273762 1916158.05985 5
935694.281442 1916157.90446 5
935694.289207 1916157.76017 5
935694.296972 1916157.61588 5
935694.295867 1916157.47166 5
935694.303547 1916157.31627 5
935694.311312 1916157.17198 5
935694.318992 1916157.0166 5
935694.317888 1916156.87238 5
935694.325568 1916156.71699 5
935694.333248 1916156.56161 5
935694.332058 1916156.40629 5
935694.339653 1916156.23982 5
935694.338464 1916156.0845 5
935694.337105 1916155.90699 5
935694.33583 1916155.74058 5
935694.334556 1916155.57417 5
935694.333281 1916155.40776 5
935694.332092 1916155.25245 5
935694.321948 1916155.08611 5
935694.320673 1916154.9197 5
935694.310529 1916154.75335 5
935694.309255 1916154.58694 5
935694.299111 1916154.4206 5
935694.288967 1916154.25426 5
935694.278823 1916154.08792 5
935694.277548 1916153.92151 5
935694.267404 1916153.75516 5
935694.257345 1916153.59991 5
935694.256071 1916153.4335 5
935694.254882 1916153.27819 5
935694.253692 1916153.12287 5
935694.252418 1916152.95646 5
935694.260183 1916152.81217 5
935694.258993 1916152.65685 5
935694.266673 1916152.50147 5
935694.265399 1916152.33506 5
935694.264294 1916152.19084 5
935694.271974 1916152.03545 5
935694.279654 1916151.88007 5
935694.27855 1916151.73585 5
935694.28623 1916151.58046 5
935694.29391 1916151.42508 5
935694.301505 1916151.2586 5
935694.3091 1916151.09212 5
935694.32548 1916150.91448 5
935694.33299 1916150.73691 5
935694.349454 1916150.57036 5
935694.365749 1916150.38163 5
935694.382129 1916150.20399 5
935694.407208 1916150.00409 5
935694.423502 1916149.81536 5
935694.439797 1916149.62663 5
935694.456177 1916149.44899 5
935694.472471 1916149.26025 5
935694.488851 1916149.08261 5
935694.496361 1916148.90504 5
935694.52161 1916148.72733 5
935694.529205 1916148.56085 5
935694.554539 1916148.39424 5
935694.562135 1916148.22776 5
935694.578599 1916148.06121 5
935694.595149 1916147.90576 5
935694.602829 1916147.75038 5
935694.610509 1916147.59499 5
935694.618274 1916147.4507 5
935694.617084 1916147.29539 5
935694.624934 1916147.16219 5
935694.632699 1916147.0179 5
935694.63168 1916146.88477 5
935694.630575 1916146.74055 5
935694.63851 1916146.61845 5
935694.637491 1916146.48532 5
935694.627686 1916146.36335 5
935694.626752 1916146.24132 5
935694.625817 1916146.11929 5
935694.624883 1916145.99725 5
935694.623948 1916145.87522 5
935694.614229 1916145.76434 5
935694.613294 1916145.64231 5
935694.60349 1916145.52034 5
935694.593601 1916145.38728 5
935694.583627 1916145.24313 5
935694.573483 1916145.07679 5
935694.563424 1916144.92154 5
935694.55311 1916144.73301 5
935694.542881 1916144.55557 5
935694.532482 1916144.35595 5
935694.530868 1916144.14516 5
935694.520469 1916143.94554 5
935694.518855 1916143.73475 5
935694.508371 1916143.52403 5
935694.506757 1916143.31325 5
935694.505228 1916143.11355 5
935694.512483 1916142.9027 5
935694.519823 1916142.70294 5
935694.518379 1916142.51434 5
935694.525719 1916142.31458 5
935694.542014 1916142.12585 5
935694.549354 1916141.92609 5
935694.556864 1916141.74851 5
935694.581943 1916141.54862 5
935694.589453 1916141.37104 5
935694.605833 1916141.1934 5
935694.613258 1916141.00474 5
935694.638422 1916140.81594 5
935694.645932 1916140.63836 5
935694.671182 1916140.46066 5
935694.678607 1916140.27199 5
935694.694986 1916140.09435 5
935694.711451 1916139.9278 5
935694.727746 1916139.73907 5
935694.735256 1916139.5615 5
935694.742766 1916139.38392 5
935694.750276 1916139.20635 5
935694.757786 1916139.02878 5
935694.756427 1916138.85128 5
935694.754983 1916138.66268 5
935694.753623 1916138.48517 5
935694.743309 1916138.29664 5
935694.74195 1916138.11914 5
935694.731636 1916137.93061 5
935694.730277 1916137.7531 5
935694.719963 1916137.56457 5
935694.709734 1916137.38714 5
935694.699505 1916137.2097 5
935694.689276 1916137.03226 5
935694.687916 1916136.85476 5
935694.677687 1916136.67732 5
935694.667544 1916136.51098 5
935694.657315 1916136.33355 5
935694.65587 1916136.14495 5
935694.636772 1916135.96758 5
935694.635497 1916135.80117 5
935694.634138 1916135.62366 5
935694.632779 1916135.44616 5
935694.631504 1916135.27975 5
935694.63023 1916135.11334 5
935694.628955 1916134.94693 5
935694.636465 1916134.76936 5
935694.626321 1916134.60301 5
935694.642701 1916134.42537 5
935694.641342 1916134.24787 5
935694.648937 1916134.08139 5
935694.656532 1916133.91491 5
935694.655172 1916133.73741 5
935694.671637 1916133.57086 5
935694.670278 1916133.39336 5
935694.669003 1916133.22695 5
935694.667729 1916133.06054 5
935694.666454 1916132.89413 5
935694.665095 1916132.71662 5
935694.655036 1916132.56138 5
935694.653677 1916132.38387 5
935694.643618 1916132.22862 5
935694.624519 1916132.05125 5
935694.62333 1916131.89594 5
935694.604231 1916131.71857 5
935694.585133 1916131.5412 5
935694.566034 1916131.36383 5
935694.529112 1916131.17551 5
935694.500889 1916130.96492 5
935694.463966 1916130.7766 5
935694.426874 1916130.56608 5
935694.372042 1916130.3557 5
935694.317211 1916130.14532 5
935694.262294 1916129.92385 5
935694.198593 1916129.71354 5
935694.152631 1916129.50309 5
935694.08893 1916129.29278 5
935694.042883 1916129.07124 5
935693.988051 1916128.86086 5
935693.942174 1916128.66151 5
935693.905082 1916128.451 5
935693.859205 1916128.25164 5
935693.830982 1916128.04106 5
935693.767451 1916127.85294 5
935693.739143 1916127.63126 5
935693.684481 1916127.44307 5
935693.638434 1916127.22153 5
935693.592642 1916127.03327 5
935693.529026 1916126.83405 5
935693.46541 1916126.63484 5
935693.401878 1916126.44671 5
935693.329478 1916126.25866 5
935693.265946 1916126.07054 5
935693.184761 1916125.89364 5
935693.103576 1916125.71675 5
935693.013691 1916125.56211 5
935692.923636 1916125.38529 5
935692.824881 1916125.23072 5
935692.699433 1916125.06526 5
935692.600679 1916124.91069 5
935692.475316 1916124.75633 5
935692.358822 1916124.60189 5
935692.259982 1916124.43623 5
935692.134534 1916124.27077 5
935692.017956 1916124.10524 5
935691.901462 1916123.95081 5
935691.784883 1916123.78528 5
935691.65952 1916123.63092 5
935691.543111 1916123.48758 5
935691.408879 1916123.33328 5
935691.283515 1916123.17892 5
935691.158322 1916123.04674 5
935691.024174 1916122.90354 5
935690.898981 1916122.77136 5
935690.756049 1916122.63932 5
935690.622071 1916122.5183 5
935690.488008 1916122.38619 5
935690.3542 1916122.28737 5
935690.202568 1916122.17758 5
935690.059805 1916122.06773 5
935689.908173 1916121.95794 5
935689.765496 1916121.85918 5
935689.59621 1916121.76063 5
935689.427008 1916121.67317 5
935689.257722 1916121.57461 5
935689.088521 1916121.48715 5
935688.901581 1916121.39982 5
935688.72368 1916121.33462 5
935688.554479 1916121.24716 5
935688.385277 1916121.15969 5
935688.216246 1916121.09442 5
935688.055914 1916121.00689 5
935687.904707 1916120.95258 5
935687.74429 1916120.85395 5
935687.601953 1916120.79957 5
935687.441706 1916120.72314 5
935687.299368 1916120.66875 5
935687.148076 1916120.60334 5
935687.014608 1916120.54889 5
935686.863486 1916120.50567 5
935686.730018 1916120.45122 5
935686.596634 1916120.40786 5
935686.463251 1916120.36451 5
935686.329953 1916120.33224 5
935686.205439 1916120.28882 5
935686.081011 1916120.25649 5
935685.956582 1916120.22416 5
935685.849977 1916120.20278 5
935685.725634 1916120.18155 5
935685.619029 1916120.16017 5
935685.512425 1916120.1388 5
935685.40582 1916120.11743 5
935685.299215 1916120.09605 5
935685.20148 1916120.07461 5
935685.094876 1916120.05324 5
935685.00601 1916120.03173 5
935684.908275 1916120.01029 5
935684.828364 1916119.99981 5
935684.748368 1916119.97823 5
935684.668373 1916119.95666 5
935684.588377 1916119.93508 5
935684.517335 1916119.92453 5
935684.42847 1916119.90302 5
935684.357343 1916119.88138 5
935684.277347 1916119.8598 5
935684.179612 1916119.83836 5
935684.090747 1916119.81685 5
935683.984142 1916119.79548 5
935683.868583 1916119.76308 5
935683.735285 1916119.73081 5
935683.601987 1916119.69855 5
935683.450864 1916119.65533 5
935683.290958 1916119.62327 5
935683.157659 1916119.59101 5
935683.015407 1916119.54772 5
935682.873324 1916119.52662 5
935682.731156 1916119.49442 5
935682.597858 1916119.46216 5
935682.455775 1916119.44106 5
935682.331346 1916119.40873 5
935682.198133 1916119.38756 5
935682.073789 1916119.36632 5
935681.949446 1916119.34509 5
935681.833971 1916119.32378 5
935681.718497 1916119.30248 5
935681.603108 1916119.29227 5
935681.505458 1916119.28192 5
935681.398938 1916119.27164 5
935681.301288 1916119.26129 5
935681.203638 1916119.25095 5
935681.097119 1916119.24067 5
935680.990514 1916119.21929 5
935680.866255 1916119.20915 5
935680.741912 1916119.18792 5
935680.608783 1916119.17784 5
935680.47557 1916119.15667 5
935680.333487 1916119.13557 5
935680.182535 1916119.11454 5
935680.040452 1916119.09344 5
935679.898369 1916119.07234 5
935679.756201 1916119.04014 5
935679.631943 1916119.03 5
935679.507514 1916118.99767 5
935679.383255 1916118.98752 5
935679.258911 1916118.96629 5
935679.143522 1916118.95608 5
935679.028048 1916118.93477 5
935678.930398 1916118.92442 5
935678.806139 1916118.91428 5
935678.699535 1916118.89291 5
935678.593015 1916118.88263 5
935678.477626 1916118.87242 5
935678.353367 1916118.86228 5
935678.237978 1916118.85207 5
935678.113719 1916118.84192 5
935677.99833 1916118.83171 5
935677.874071 1916118.82157 5
935677.758682 1916118.81136 5
935677.634423 1916118.80122 5
935677.394775 1916118.78086 5
935677.279301 1916118.75956 5
935677.155127 1916118.76051 5
935677.039738 1916118.7503 5
935676.924349 1916118.74009 5
935676.817829 1916118.72981 5
935676.693571 1916118.71967 5
935676.587136 1916118.72048 5
935676.462877 1916118.71034 5
935676.338618 1916118.7002 5
935676.205575 1916118.70122 5
935676.054793 1916118.70237 5
935675.90401 1916118.70353 5
935675.753228 1916118.70468 5
935675.593576 1916118.7059 5
935675.433839 1916118.69603 5
935675.283056 1916118.69719 5
935675.132274 1916118.69834 5
935674.981492 1916118.6995 5
935674.830624 1916118.68956 5
935674.688711 1916118.69065 5
935674.546798 1916118.69173 5
935674.395846 1916118.6707 5
935674.253933 1916118.67179 5
935674.111935 1916118.66178 5
935673.961153 1916118.66294 5
935673.82811 1916118.66396 5
935673.686112 1916118.65395 5
935673.553068 1916118.65497 5
935673.411071 1916118.64496 5
935673.286897 1916118.64591 5
935673.153853 1916118.64693 5
935673.011941 1916118.64802 5
935672.887767 1916118.64897 5
935672.754724 1916118.64999 5
935672.63055 1916118.65094 5
935672.497506 1916118.65196 5
935672.382202 1916118.65284 5
935672.258028 1916118.65379 5
935672.133855 1916118.65475 5
935672.009596 1916118.6446 5
935671.894292 1916118.64549 5
935671.778988 1916118.64637 5
935671.654814 1916118.64732 5
935671.53064 1916118.64827 5
935671.397512 1916118.6382 5
935671.282207 1916118.63908 5
935671.140295 1916118.64017 5
935671.007166 1916118.63009 5
935670.865253 1916118.63118 5
935670.705516 1916118.62131 5
935670.563604 1916118.6224 5
935670.403782 1916118.60143 5
935670.252999 1916118.60259 5
935670.084393 1916118.59278 5
935669.93361 1916118.59394 5
935669.782743 1916118.584 5
935669.64083 1916118.58509 5
935669.481093 1916118.57522 5
935669.330226 1916118.56528 5
935669.188313 1916118.56637 5
935669.03753 1916118.56752 5
935668.895617 1916118.56861 5
935668.74475 1916118.55867 5
935668.602837 1916118.55976 5
935668.460839 1916118.54975 5
935668.309972 1916118.53981 5
935668.168059 1916118.5409 5
935668.017276 1916118.54205 5
935667.875279 1916118.53205 5
935667.715627 1916118.53327 5
935667.564844 1916118.53442 5
935667.387453 1916118.53578 5
935667.25441 1916118.5368 5
935667.077019 1916118.53816 5
935666.935106 1916118.53925 5
935666.766584 1916118.54054 5
935666.606932 1916118.54176 5
935666.45615 1916118.54292 5
935666.305367 1916118.54407 5
935666.145715 1916118.5453 5
935665.994933 1916118.54645 5
935665.826326 1916118.53665 5
935665.684329 1916118.52664 5
935665.515807 1916118.52793 5
935665.373894 1916118.52902 5
935665.214242 1916118.53024 5
935665.06346 1916118.5314 5
935664.912677 1916118.53256 5
935664.770679 1916118.52255 5
935664.619982 1916118.5348 5
935664.469115 1916118.52486 5
935664.327202 1916118.52595 5
935664.176419 1916118.5271 5
935664.025552 1916118.51716 5
935663.892594 1916118.52928 5
935663.750596 1916118.51927 5
935663.599898 1916118.53152 5
935663.440161 1916118.52165 5
935663.298248 1916118.52274 5
935663.147466 1916118.52389 5
935663.005468 1916118.51388 5
935662.863555 1916118.51497 5
935662.721557 1916118.50497 5
935662.57069 1916118.49503 5
935662.419907 1916118.49618 5
935662.26904 1916118.48624 5
935662.109388 1916118.48747 5
935661.940781 1916118.47766 5
935661.781044 1916118.46779 5
935661.612523 1916118.46908 5
935661.452871 1916118.47031 5
935661.302003 1916118.46037 5
935661.133482 1916118.46166 5
935660.982614 1916118.45172 5
935660.849571 1916118.45274 5
935660.681135 1916118.46513 5
935660.539222 1916118.46621 5
935660.415048 1916118.46717 5
935660.27322 1916118.47935 5
935660.166785 1916118.48016 5
935660.042697 1916118.49221 5
935659.900784 1916118.4933 5
935659.803304 1916118.50514 5
935659.696954 1916118.51705 5
935659.599389 1916118.51779 5
935659.47547 1916118.55203 5
935659.360166 1916118.55291 5
935659.262771 1916118.57585 5
935659.138682 1916118.58789 5
935659.032418 1916118.6109 5
935658.908414 1916118.63404 5
935658.78424 1916118.63499 5
935658.660236 1916118.65813 5
935658.527448 1916118.69243 5
935658.39466 1916118.72673 5
935658.252832 1916118.73891 5
935658.128998 1916118.78424 5
935657.98734 1916118.81861 5
935657.872291 1916118.85277 5
935657.730633 1916118.88714 5
935657.6068 1916118.93247 5
935657.482966 1916118.9778 5
935657.376701 1916119.0008 5
935657.252782 1916119.03504 5
935657.146603 1916119.06913 5
935657.040508 1916119.11432 5
935656.934329 1916119.14842 5
935656.845888 1916119.18238 5
935656.748663 1916119.22751 5
935656.669007 1916119.25031 5
935656.571782 1916119.29543 5
935656.492126 1916119.31823 5
935656.403771 1916119.36329 5
935656.333069 1916119.39711 5
935656.235844 1916119.44224 5
935656.174097 1916119.48709 5
935656.076787 1916119.52112 5
935655.997386 1916119.5772 5
935655.9179 1916119.62219 5
935655.820845 1916119.6895 5
935655.73266 1916119.75674 5