955566.644773 1956921.99891 7
955565.408222 1956922.85579 7
955564.513883 1956923.47266 7
955563.259407 1956924.3314 7
955562.004932 1956925.19014 7
955560.756497 1956926.02969 7
955559.507904 1956926.86826 7
955557.653609 1956928.10946 7
955555.157999 1956929.72054 7
955553.849079 1956930.53636 7
955552.540159 1956931.35219 7
955550.014661 1956932.90933 7
955548.704594 1956933.67371 7
955547.395357 1956934.43695 7
955544.82481 1956935.94664 7
955543.480554 1956936.73775 7
955542.148022 1956937.46929 7
955540.814503 1956938.20098 7
955539.473087 1956938.90863 7
955538.131829 1956939.61726 7
955537.593123 1956939.90087 7
955536.239033 1956940.58625 7
955534.884943 1956941.27163 7
955534.434237 1956941.49155 7
955531.733556 1956942.77001 7
955529.901558 1956943.63816 7
955528.524173 1956944.26653 7
955527.147933 1956944.89573 7
955526.87698 1956945.01805 7
955525.400102 1956945.58136 7
955523.923224 1956946.14467 7
955523.130301 1956946.42745 7
955520.328895 1956947.32319 7
955518.835313 1956947.75049 7
955517.341731 1956948.17779 7
955514.883878 1956948.80394 8
955511.978552 1956949.48044 8
955511.614503 1956949.56501 8
955510.131657 1956949.88228 8
955508.64881 1956950.19955 8
955506.81976 1956950.58639 8
955504.663495 1956951.02863 8
