955537.894297 1956944.4206 0
955537.894297 1956944.4206 0
955537.894297 1956944.4206 0
955537.894297 1956944.4206 0
955537.894297 1956944.4206 0
955537.88339 1956944.42261 0
955537.863176 1956944.43535 0
955537.864785 1956944.44408 0
955537.844571 1956944.45682 0
955537.836873 1956944.47628 0
955537.81505 1956944.4803 0
955537.807351 1956944.49976 0
955537.796445 1956944.50176 0
955537.787137 1956944.5125 0
955537.77784 1956944.52323 0
955537.766923 1956944.52524 0
955537.77784 1956944.52323 0
955537.766923 1956944.52524 0
955537.77784 1956944.52323 0
955537.77784 1956944.52323 0
955537.77784 1956944.52323 0
955537.766923 1956944.52524 0
955537.766923 1956944.52524 0
955537.766923 1956944.52524 0
955537.756016 1956944.52725 0
955537.757625 1956944.53598 0
955537.746709 1956944.53799 0
955537.748318 1956944.54671 0
955537.73902 1956944.55744 0
955537.718806 1956944.57019 0
955537.698592 1956944.58293 0
955537.679977 1956944.6044 0
955537.650466 1956944.62788 0
955537.611647 1956944.66209 0
955537.574427 1956944.70502 0
955537.515393 1956944.75198 0
955537.467267 1956944.79692 0
955537.397327 1956944.84589 0
955537.339893 1956944.90157 0
955537.269953 1956944.95053 0
955537.203222 1956945.01694 0
955537.134881 1956945.07463 0
955537.064931 1956945.1236 0
955536.9966 1956945.18128 0
955536.92826 1956945.23897 0
955536.859919 1956945.29666 0
955536.802495 1956945.35234 0
955536.734154 1956945.41003 0
955536.664205 1956945.45899 0
955536.60678 1956945.51467 0
955536.536841 1956945.56364 0
955536.481016 1956945.62804 0
955536.412675 1956945.68573 0
955536.355251 1956945.74141 0
955536.285301 1956945.79037 0
955536.227877 1956945.84605 0
955536.161146 1956945.91246 0
955536.103721 1956945.96814 0
955536.035381 1956946.02583 0
955535.96704 1956946.08352 0
955535.909616 1956946.13919 0
955535.842885 1956946.20561 0
955535.774544 1956946.2633 0
955535.71712 1956946.31897 0
955535.661295 1956946.38338 0
955535.592954 1956946.44106 0
955535.53553 1956946.49674 0
955535.479706 1956946.56115 0
955535.422282 1956946.61682 0
955535.366457 1956946.68122 0
955535.319939 1956946.73489 0
955535.264125 1956946.79929 0
955535.2083 1956946.8637 0
955535.154094 1956946.93682 0
955535.088962 1956947.01196 0
955535.037965 1956947.10253 0
955534.965144 1956947.19712 0
955534.893933 1956947.30043 0
955534.835237 1956947.41046 0
955534.776542 1956947.52049 0
955534.710158 1956947.64997 0
955534.654671 1956947.77745 0
955534.599194 1956947.90492 0
955534.554623 1956948.03039 0
955534.511662 1956948.16458 0
955534.478008 1956948.28803 0
955534.435047 1956948.42222 0
955534.399774 1956948.53695 0
955534.356812 1956948.67114 0
955534.321549 1956948.78587 0
955534.298802 1956948.90731 0
955534.263539 1956949.02204 0
955534.240782 1956949.14349 0
955534.218035 1956949.26493 0
955534.206205 1956949.38436 0
955534.203672 1956949.49306 0
955534.201129 1956949.60176 0
955534.176782 1956949.71448 0
955534.175849 1956949.8319 0
955534.1608 1956949.93389 0
955534.159876 1956950.05131 0
955534.144817 1956950.1533 0
955534.132987 1956950.27273 0
955534.130454 1956950.38143 0
955534.131129 1956950.50758 0
955534.126987 1956950.60756 0
955534.105849 1956950.73772 0
955534.114223 1956950.84441 0
955534.103992 1956950.97257 0
955534.101458 1956951.08127 0
955534.091227 1956951.20943 0
955534.088694 1956951.31813 0
955534.08938 1956951.44427 0
955534.099363 1956951.55969 0
955534.100038 1956951.68583 0
955534.102332 1956951.8207 0
955534.101399 1956951.93812 0
955534.103693 1956952.07299 0
955534.115285 1956952.19713 0
955534.106663 1956952.33401 0
955534.119855 1956952.46687 0
955534.12054 1956952.59301 0
955534.126043 1956952.74533 0
955534.137635 1956952.86947 0
955534.141529 1956953.01306 0
955534.15473 1956953.14592 0
955534.158624 1956953.28951 0
955534.182732 1956953.42036 0
955534.185017 1956953.55523 0
955534.204307 1956953.65991 0
955534.217508 1956953.79277 0
955534.221054 1956953.87329 0
955534.231047 1956953.9887 0
955534.243901 1956954.05849 0
955534.250328 1956954.09338 0
955534.256754 1956954.12827 0
955534.255155 1956954.11955 0
955534.256754 1956954.12827 0
955534.253546 1956954.11083 0
955534.256754 1956954.12827 0
955534.255155 1956954.11955 0
955534.255155 1956954.11955 0
955534.256754 1956954.12827 0
955534.245848 1956954.13028 0
955534.247457 1956954.13901 0
955534.247457 1956954.13901 0
955534.249066 1956954.14773 0
955534.249066 1956954.14773 0
955534.250665 1956954.15645 0
955534.253884 1956954.1739 0
955534.258711 1956954.20007 0
955534.252622 1956954.22825 0
955534.260658 1956954.27186 0
955534.270293 1956954.32421 0
955534.281548 1956954.38527 0
955534.281885 1956954.44834 0
955534.29314 1956954.5094 0
955534.304394 1956954.57047 0
955534.315639 1956954.63153 0
955534.312768 1956954.67716 0
