955537.894297 1956944.4206 0
955537.816649 1956944.48902 0
955537.726495 1956944.55073 0
955537.63794 1956944.62116 0
955537.538478 1956944.69361 0
955537.449924 1956944.76404 0
955537.362978 1956944.8432 0
955537.274433 1956944.91363 0
955537.176571 1956944.99479 0
955537.088016 1956945.06523 0
955536.999471 1956945.13566 0
955536.923432 1956945.2128 0
955536.845794 1956945.28123 0
955536.757239 1956945.35166 0
955536.679601 1956945.42008 0
955536.600344 1956945.47978 0
955536.533612 1956945.54619 0
955536.455974 1956945.61461 0
955536.378336 1956945.68304 0
955536.311604 1956945.74945 0
955536.233956 1956945.81787 0
955536.167235 1956945.88428 0
955536.091196 1956945.96143 0
955536.015157 1956946.03857 0
955535.937518 1956946.10699 0
955535.863089 1956946.19286 0
955535.797966 1956946.268 0
955535.721937 1956946.34514 0
955535.645899 1956946.42229 0
955535.582385 1956946.50615 0
955535.52817 1956946.57927 0
955535.463047 1956946.65441 0
955535.408832 1956946.72753 0
955535.354616 1956946.80066 0
955535.311317 1956946.87177 0
955535.268018 1956946.94288 0
955535.224709 1956947.014 0
955535.192317 1956947.0831 0
955535.149018 1956947.15422 0
955535.116626 1956947.22332 0
955535.076535 1956947.31188 0
955535.036454 1956947.40044 0
955534.997973 1956947.49773 0
955534.961101 1956947.60374 0
955534.924219 1956947.70974 0
955534.890565 1956947.8332 0
955534.866208 1956947.94592 0
955534.830945 1956948.06065 0
955534.809798 1956948.19082 0
955534.785451 1956948.30353 0
955534.764303 1956948.4337 0
955534.76177 1956948.5424 0
955534.739023 1956948.66385 0
955534.725584 1956948.77456 0
955534.72465 1956948.89198 0
955534.71121 1956949.00269 0
955534.697761 1956949.1134 0
955534.706144 1956949.22009 0
955534.692694 1956949.3308 0
955534.690162 1956949.4395 0
955534.687629 1956949.5482 0
955534.694393 1956949.64616 0
955534.704376 1956949.76158 0
955534.701843 1956949.87028 0
955534.710227 1956949.97697 0
955534.720209 1956950.09238 0
955534.728583 1956950.19907 0
955534.749483 1956950.31247 0
955534.759466 1956950.42788 0
955534.769448 1956950.5433 0
955534.791947 1956950.66542 0
955534.80193 1956950.78083 0
955534.811913 1956950.89625 0
955534.836021 1956951.0271 0
955534.846014 1956951.14251 0
955534.871731 1956951.28208 0
955534.883313 1956951.40622 0
955534.896514 1956951.53908 0
955534.920622 1956951.66992 0
955534.933823 1956951.80278 0
955534.970447 1956951.94035 0
955534.985258 1956952.08193 0
955535.000058 1956952.22351 0
955535.024176 1956952.35436 0
955535.029669 1956952.50668 0
955535.053787 1956952.63752 0
955535.070197 1956952.78783 0
955535.083398 1956952.92069 0
955535.096589 1956953.05355 0
955535.100145 1956953.13407 0
955535.104973 1956953.16024 0
955535.103364 1956953.15151 0
955535.107844 1956953.11461 0
955535.101755 1956953.14279 0
955535.107844 1956953.11461 0
955535.101755 1956953.14279 0
955535.111062 1956953.13206 0
955535.101755 1956953.14279 0
955535.11427 1956953.1495 0
955535.103364 1956953.15151 0
955535.1114 1956953.19513 0
955535.114618 1956953.21258 0
955535.116565 1956953.28437 0
955535.1262 1956953.33671 0
955535.140673 1956953.41522 0
955535.150318 1956953.46756 0
955535.153864 1956953.54808 0
955535.165119 1956953.60914 0
955535.167065 1956953.68094 0
955535.17832 1956953.742 0
955535.178658 1956953.80508 0
