955537.894297 1956944.4206 0
955537.894297 1956944.4206 0
955537.894297 1956944.4206 0
955537.905204 1956944.41859 0
955537.905204 1956944.41859 0
955537.905204 1956944.41859 0
955537.905204 1956944.41859 0
955537.905204 1956944.41859 0
955537.905204 1956944.41859 0
955537.905204 1956944.41859 0
955537.894297 1956944.4206 0
955537.88499 1956944.43133 0
955537.874083 1956944.43334 0
955537.864775 1956944.44408 0
955537.84617 1956944.46554 0
955537.816649 1956944.48902 0
955537.776221 1956944.51451 0
955537.726495 1956944.55073 0
955537.689275 1956944.59367 0
955537.630242 1956944.64062 0
955537.560302 1956944.68959 0
955537.501259 1956944.73654 0
955537.431319 1956944.78551 0
955537.362978 1956944.8432 0
955537.294637 1956944.90088 0
955537.224697 1956944.94985 0
955537.156357 1956945.00754 0
955537.086407 1956945.0565 0
955537.00716 1956945.1162 0
955536.938819 1956945.17389 0
955536.859571 1956945.23359 0
955536.778715 1956945.28457 0
955536.711983 1956945.35098 0
955536.632736 1956945.41068 0
955536.551879 1956945.46165 0
955536.474241 1956945.53007 0
955536.394994 1956945.58977 0
955536.314137 1956945.64075 0
955536.223973 1956945.70246 0
955536.144726 1956945.76216 0
955536.065479 1956945.82186 0
955535.976924 1956945.89229 0
955535.897676 1956945.95199 0
955535.807512 1956946.0137 0
955535.728265 1956946.0734 0
955535.63971 1956946.14383 0
955535.560463 1956946.20353 0
955535.471908 1956946.27396 0
955535.392661 1956946.33366 0
955535.302507 1956946.39537 0
955535.223259 1956946.45506 0
955535.145611 1956946.52349 0
955535.066364 1956946.58319 0
955534.987116 1956946.64289 0
955534.909468 1956946.71131 0
955534.819314 1956946.77302 0
955534.730759 1956946.84345 0
955534.653121 1956946.91187 0
955534.564566 1956946.9823 0
955534.476011 1956947.05274 0
955534.387457 1956947.12317 0
955534.298912 1956947.1936 0
955534.221264 1956947.26202 0
955534.121802 1956947.33447 0
955534.044164 1956947.40289 0
955533.966516 1956947.47131 0
955533.877971 1956947.54174 0
955533.791025 1956947.6209 0
955533.70247 1956947.69133 0
955533.624832 1956947.75975 0
955533.536277 1956947.83019 0
955533.449332 1956947.90934 0
955533.360777 1956947.97977 0
955533.273831 1956948.05893 0
955533.185276 1956948.12936 0
955533.098341 1956948.20852 0
955533.011395 1956948.28767 0
955532.92284 1956948.35811 0
955532.846801 1956948.43525 0
955532.759856 1956948.51441 0
955532.682217 1956948.58283 0
955532.606178 1956948.65998 0
955532.530149 1956948.73712 0
955532.444813 1956948.825 0
955532.379691 1956948.90013 0
955532.303652 1956948.97728 0
955532.229222 1956949.06315 0
955532.154802 1956949.14902 0
955532.091279 1956949.23288 0
955532.029375 1956949.32546 0
955531.954945 1956949.41132 0
955531.903948 1956949.5019 0
955531.842034 1956949.59448 0
955531.78013 1956949.68706 0
955531.730732 1956949.78635 0
955531.679735 1956949.87693 0
955531.630347 1956949.97622 0
955531.582558 1956950.08424 0
955531.544077 1956950.18152 0
955531.507204 1956950.28753 0
955531.470332 1956950.39354 0
955531.43346 1956950.49954 0
955531.407495 1956950.60354 0
955531.383148 1956950.71626 0
955531.357183 1956950.82026 0
955531.332826 1956950.93298 0
955531.331902 1956951.0504 0
955531.316844 1956951.15239 0
955531.305013 1956951.27182 0
955531.30248 1956951.38052 0
955531.299937 1956951.48922 0
955531.288107 1956951.60865 0
955531.285574 1956951.71735 0
955531.273733 1956951.83679 0
955531.283716 1956951.9522 0
955531.281183 1956952.0609 0
955531.27865 1956952.1696 0
955531.279325 1956952.29575 0
955531.276793 1956952.40445 0
955531.275869 1956952.52187 0
955531.287461 1956952.646 0
955531.286537 1956952.76343 0
955531.298119 1956952.88756 0
955531.309711 1956953.0117 0
955531.322912 1956953.14456 0
955531.323598 1956953.2707 0
955531.346096 1956953.39283 0
955531.346772 1956953.51898 0
955531.369281 1956953.6411 0
955531.380873 1956953.76524 0
955531.392465 1956953.88937 0
955531.404057 1956954.01351 0
955531.417248 1956954.14637 0
955531.42884 1956954.2705 0
955531.442041 1956954.40336 0
955531.453633 1956954.5275 0
955531.465226 1956954.65163 0
955531.46751 1956954.7865 0
955531.490009 1956954.90863 0
955531.490694 1956955.03478 0
955531.513193 1956955.1569 0
955531.513878 1956955.28305 0
955531.545685 1956955.39444 0
955531.557267 1956955.51858 0
955531.567259 1956955.63399 0
955531.578842 1956955.75812 0
955531.588834 1956955.87354 0
955531.609724 1956955.98694 0
955531.621316 1956956.11108 0
955531.62969 1956956.21777 0
955531.641282 1956956.3419 0
955531.662181 1956956.4553 0
955531.670555 1956956.56199 0
955531.680538 1956956.67741 0
955531.699828 1956956.78208 0
955531.712682 1956956.85187 0
955531.716238 1956956.93239 0
955531.722665 1956956.96728 0
955531.725883 1956956.98473 0
955531.725883 1956956.98473 0
955531.722665 1956956.96728 0
955531.725883 1956956.98473 0
955531.724274 1956956.97601 0
955531.725883 1956956.98473 0
955531.724274 1956956.97601 0
955531.725883 1956956.98473 0
955531.724274 1956956.97601 0
955531.724274 1956956.97601 0
955531.724274 1956956.97601 0
955531.724274 1956956.97601 0
955531.724274 1956956.97601 0
955531.724274 1956956.97601 0
955531.724274 1956956.97601 0
955531.724274 1956956.97601 0
955531.724274 1956956.97601 0
955531.724274 1956956.97601 0
955531.724274 1956956.97601 0
955531.724274 1956956.97601 0
955531.724274 1956956.97601 0
955531.724274 1956956.97601 0
955531.724274 1956956.97601 0
955531.724274 1956956.97601 0
955531.724274 1956956.97601 0
955531.724274 1956956.97601 0
955531.724274 1956956.97601 0
955531.724274 1956956.97601 0
955531.724274 1956956.97601 0
955531.724274 1956956.97601 0
955531.724274 1956956.97601 0
