955537.894297 1956944.4206 0
955537.81505 1956944.4803 0
955537.746709 1956944.53799 0
955537.667462 1956944.59769 0
955537.599121 1956944.65538 0
955537.519873 1956944.71507 0
955537.451533 1956944.77276 0
955537.372285 1956944.83246 0
955537.293038 1956944.89216 0
955537.2154 1956944.96058 0
955537.136143 1956945.02028 0
955537.058504 1956945.0887 0
955536.980866 1956945.15712 0
955536.901619 1956945.21682 0
955536.834887 1956945.28323 0
955536.757239 1956945.35166 0
955536.679601 1956945.42008 0
955536.61126 1956945.47777 0
955536.544529 1956945.54418 0
955536.46689 1956945.6126 0
955536.411066 1956945.677 0
955536.344334 1956945.74342 0
955536.28691 1956945.79909 0
955536.220178 1956945.8655 0
955536.164354 1956945.92991 0
955536.108539 1956945.99431 0
955536.051105 1956946.04999 0
955536.007806 1956946.1211 0
955535.951991 1956946.1855 0
955535.888468 1956946.26936 0
955535.823345 1956946.3445 0
955535.781646 1956946.42433 0
955535.718133 1956946.50819 0
955535.676443 1956946.58803 0
955535.61292 1956946.67189 0
955535.561922 1956946.76246 0
955535.531139 1956946.84029 0
955535.469226 1956946.93287 0
955535.438442 1956947.0107 0
955535.396752 1956947.09053 0
955535.356662 1956947.17909 0
955535.330696 1956947.28309 0
955535.303132 1956947.37836 0
955535.275557 1956947.47364 0
955535.238685 1956947.57965 0
955535.212719 1956947.68364 0
955535.188373 1956947.79636 0
955535.171705 1956947.88963 0
955535.163083 1956948.02651 0
955535.146425 1956948.11977 0
955535.139412 1956948.26537 0
955535.125962 1956948.37608 0
955535.128257 1956948.51095 0
955535.125724 1956948.61965 0
955535.140524 1956948.76123 0
955535.128684 1956948.88067 0
955535.143494 1956949.02225 0
955535.14257 1956949.13967 0
955535.154162 1956949.26381 0
955535.156447 1956949.39868 0
955535.158732 1956949.53355 0
955535.182839 1956949.6644 0
955535.183525 1956949.79054 0
955535.198325 1956949.93213 0
955535.206709 1956950.03881 0
955535.221509 1956950.1804 0
955535.231492 1956950.29581 0
955535.232178 1956950.42195 0
955535.24377 1956950.54609 0
955535.267878 1956950.67694 0
955535.268553 1956950.80309 0
955535.281754 1956950.93594 0
955535.291737 1956951.05136 0
955535.317454 1956951.19093 0
955535.327437 1956951.30634 0
955535.340638 1956951.4392 0
955535.341324 1956951.56535 0
955535.363823 1956951.68747 0
955535.377024 1956951.82033 0
955535.397913 1956951.93373 0
955535.400198 1956952.0686 0
955535.432004 1956952.18 0
955535.445205 1956952.31285 0
955535.456797 1956952.43699 0
955535.469999 1956952.56985 0
955535.492497 1956952.69197 0
955535.493173 1956952.81812 0
955535.512463 1956952.9228 0
955535.520837 1956953.02949 0
955535.538518 1956953.12545 0
955535.538865 1956953.18852 0
955535.545292 1956953.22341 0
955535.546902 1956953.23213 0
955535.545292 1956953.22341 0
955535.543683 1956953.21469 0
955535.545292 1956953.22341 0
955535.545292 1956953.22341 0
955535.545292 1956953.22341 0
955535.546902 1956953.23213 0
955535.545292 1956953.22341 0
955535.548501 1956953.24086 0
955535.546902 1956953.23213 0
955535.548501 1956953.24086 0
955535.546902 1956953.23213 0
955535.556537 1956953.28447 0
955535.561364 1956953.31064 0
955535.561702 1956953.37372 0
955535.572956 1956953.43478 0
955535.58581 1956953.50457 0
955535.589366 1956953.58509 0
955535.60062 1956953.64615 0
