955537.894297 1956944.4206 0
955537.818268 1956944.49774 0
955537.74062 1956944.56617 0
955537.662982 1956944.63459 0
955537.585343 1956944.70301 0
955537.509304 1956944.78016 0
955537.440964 1956944.83785 0
955537.375841 1956944.91298 0
955537.307501 1956944.97067 0
955537.218956 1956945.0411 0
955537.163131 1956945.1055 0
955537.074576 1956945.17594 0
955537.009454 1956945.25107 0
955536.922508 1956945.33023 0
955536.857386 1956945.40536 0
955536.782956 1956945.49123 0
955536.69762 1956945.57911 0
955536.619981 1956945.64753 0
955536.545552 1956945.7334 0
955536.469523 1956945.81054 0
955536.395093 1956945.89641 0
955536.308147 1956945.97557 0
955536.244624 1956946.05943 0
955536.179502 1956946.13456 0
955536.105082 1956946.22043 0
955536.041559 1956946.30429 0
955535.987353 1956946.37741 0
955535.934747 1956946.45926 0
955535.871223 1956946.54312 0
955535.776927 1956946.7048 0
955535.724321 1956946.78665 0
955535.671714 1956946.8685 0
955535.633233 1956946.96578 0
955535.582236 1956947.05636 0
955535.532838 1956947.15565 0
955535.494366 1956947.25293 0
955535.457484 1956947.35894 0
955535.409705 1956947.46696 0
955535.374442 1956947.58169 0
955535.339169 1956947.69642 0
955535.307124 1956947.8286 0
955535.264163 1956947.96278 0
955535.241406 1956948.08423 0
955535.21097 1956948.22513 0
955535.202339 1956948.36201 0
955535.193716 1956948.49889 0
955535.175797 1956948.6465 0
955535.170383 1956948.80083 0
955535.161761 1956948.93771 0
955535.154748 1956949.08331 0
955535.158642 1956949.2269 0
955535.15002 1956949.36378 0
955535.153914 1956949.50738 0
955535.157807 1956949.65097 0
955535.149185 1956949.78785 0
955535.163996 1956949.92943 0
955535.167889 1956950.07302 0
955535.181081 1956950.20588 0
955535.184984 1956950.34947 0
955535.198176 1956950.48233 0
955535.20207 1956950.62593 0
955535.227787 1956950.7655 0
955535.240988 1956950.89836 0
955535.244882 1956951.04195 0
955535.259692 1956951.18353 0
955535.272883 1956951.31639 0
955535.289303 1956951.4667 0
955535.302494 1956951.59956 0
955535.317305 1956951.74114 0
955535.321198 1956951.88473 0
955535.346915 1956952.0243 0
955535.3492 1956952.15917 0
955535.374917 1956952.29874 0
955535.389728 1956952.44033 0
955535.402929 1956952.57318 0
955535.417729 1956952.71477 0
955535.421623 1956952.85836 0
955535.42357 1956952.93016 0
955535.42357 1956952.93016 0
955535.420362 1956952.91271 0
955535.426451 1956952.88453 0
955535.431268 1956952.9107 0
955535.42805 1956952.89325 0
955535.431268 1956952.9107 0
955535.431268 1956952.9107 0
955535.432877 1956952.91942 0
955535.440913 1956952.96304 0
955535.438033 1956953.00867 0
955535.452506 1956953.08717 0
955535.468577 1956953.17441 0
955535.47856 1956953.28982 0
955535.486934 1956953.39651 0
955535.495318 1956953.5032 0
955535.5069 1956953.62733 0
955535.499549 1956953.70986 0
955535.499211 1956953.64679 0
955535.500473 1956953.59244 0
955535.499211 1956953.64679 0
955535.50242 1956953.66424 0
955535.494384 1956953.62062 0
955535.499211 1956953.64679 0
