955537.894297 1956944.4206 0
955537.804143 1956944.48231 0
955537.737411 1956944.54872 0
955537.648857 1956944.61915 0
955537.580516 1956944.67684 0
955537.501268 1956944.73654 0
955537.432928 1956944.79423 0
955537.35368 1956944.85393 0
955537.285349 1956944.91161 0
955537.217009 1956944.9693 0
955537.148668 1956945.02699 0
955537.080327 1956945.08468 0
955537.011987 1956945.14237 0
955536.943656 1956945.20006 0
955536.875315 1956945.25775 0
955536.806975 1956945.31544 0
955536.729336 1956945.38386 0
955536.651688 1956945.45228 0
955536.563143 1956945.52271 0
955536.487104 1956945.59986 0
955536.39855 1956945.67029 0
955536.313213 1956945.75817 0
955536.215361 1956945.83933 0
955536.131633 1956945.93593 0
955536.055594 1956946.01308 0
955535.981165 1956946.09895 0
955535.916042 1956946.17408 0
955535.841612 1956946.25995 0
955535.77649 1956946.33509 0
955535.723884 1956946.41694 0
955535.657152 1956946.48335 0
955535.604546 1956946.5652 0
955535.551939 1956946.64704 0
955535.500942 1956946.73761 0
955535.440647 1956946.83892 0
955535.38964 1956946.92949 0
955535.329345 1956947.03079 0
955535.289254 1956947.11936 0
955535.238257 1956947.20993 0
955535.209073 1956947.29648 0
955535.170602 1956947.39376 0
955535.139809 1956947.47159 0
955535.110635 1956947.55814 0
955535.090758 1956947.63396 0
955535.061584 1956947.72051 0
955535.043317 1956947.80505 0
955535.015752 1956947.90032 0
955535.000694 1956948.00231 0
955534.988853 1956948.12174 0
955534.966106 1956948.24318 0
955534.948186 1956948.3908 0
955534.944382 1956948.55385 0
955534.951494 1956948.71488 0
955534.958606 1956948.87592 0
955534.975016 1956949.02623 0
955535.003941 1956949.18325 0
955535.011053 1956949.34429 0
955535.030681 1956949.51204 0
955535.047091 1956949.66235 0
955535.068328 1956949.83882 0
955535.081529 1956949.97168 0
955535.104366 1956950.15688 0
955535.10827 1956950.30047 0
955535.127898 1956950.46822 0
955535.131791 1956950.61181 0
955535.163935 1956950.78628 0
955535.178736 1956950.92786 0
955535.199973 1956951.10434 0
955535.203867 1956951.24793 0
955535.234411 1956951.41367 0
955535.250821 1956951.56398 0
955535.270449 1956951.73173 0
955535.299375 1956951.88875 0
955535.319003 1956952.0565 0
955535.338631 1956952.22425 0
955535.356649 1956952.38328 0
955535.374678 1956952.54231 0
955535.403604 1956952.69933 0
955535.423232 1956952.86708 0
955535.439641 1956953.01739 0
955535.45766 1956953.17641 0
