935634.378873 1916038.29692 7
935634.378873 1916038.29692 7
935634.378873 1916038.29692 7
935634.378873 1916038.29692 7
935634.378873 1916038.29692 7
935634.378873 1916038.29692 7
935634.378873 1916038.29692 7
935634.378873 1916038.29692 7
935634.378873 1916038.29692 7
935634.387742 1916038.29685 7
935634.378873 1916038.29692 7
935634.378873 1916038.29692 7
935634.387742 1916038.29685 7
935634.378873 1916038.29692 7
935634.378873 1916038.29692 7
935634.378873 1916038.29692 7
935634.378873 1916038.29692 7
935634.387742 1916038.29685 7
935634.387827 1916038.30794 7
935634.387827 1916038.30794 7
935634.396867 1916038.33006 7
935634.405822 1916038.34109 7
935634.414861 1916038.36321 7
935634.432771 1916038.38526 7
935634.441896 1916038.41847 7
935634.45989 1916038.45162 7
935634.477969 1916038.49586 7
935634.504918 1916038.54003 7
935634.522913 1916038.57318 7
935634.549947 1916038.62844 7
935634.568026 1916038.67268 7
935634.595061 1916038.72795 7
935634.622095 1916038.78322 7
935634.649129 1916038.83848 7
935634.676163 1916038.89375 7
935634.703282 1916038.96011 7
935634.730316 1916039.01538 7
935634.766305 1916039.08167 7
935634.802294 1916039.14796 7
935634.820543 1916039.21439 7
935634.856617 1916039.29177 7
935634.892521 1916039.34697 7
935634.919725 1916039.42443 7
935634.946844 1916039.49079 7
935634.982833 1916039.55708 7
935635.010037 1916039.63453 7
935635.055066 1916039.72294 7
935635.091139 1916039.80033 7
935635.127298 1916039.88881 7
935635.172327 1916039.97722 7
935635.208571 1916040.0768 7
935635.253684 1916040.1763 7
935635.307667 1916040.27574 7
935635.343996 1916040.38641 7
935635.398065 1916040.49694 7
935635.443178 1916040.59645 7
935635.488377 1916040.70705 7
935635.53349 1916040.80656 7
935635.578689 1916040.91716 7
935635.623802 1916041.01666 7
935635.668916 1916041.11617 7
935635.714114 1916041.22677 7
935635.750273 1916041.31525 7
935635.795472 1916041.42585 7
935635.840585 1916041.52535 7
935635.894568 1916041.62479 7
935635.930812 1916041.72437 7
935635.984795 1916041.82381 7
935636.029994 1916041.93441 7
935636.075108 1916042.03391 7
935636.120221 1916042.13342 7
935636.165335 1916042.23292 7
935636.255477 1916042.42084 7
935636.29172 1916042.52042 7
935636.336749 1916042.60883 7
935636.381862 1916042.70834 7
935636.418021 1916042.79682 7
935636.472089 1916042.90735 7
935636.517203 1916043.00685 7
935636.562401 1916043.11745 7
935636.61647 1916043.22799 7
935636.670538 1916043.33852 7
935636.724606 1916043.44905 7
935636.778674 1916043.55958 7
935636.832742 1916043.67012 7
935636.886725 1916043.76955 7
935636.949663 1916043.88002 7
935637.003731 1916043.99055 7
935637.0578 1916044.10108 7
935637.120737 1916044.21155 7
935637.174721 1916044.31099 7
935637.237743 1916044.43254 7
935637.291726 1916044.53198 7
935637.354664 1916044.64245 7
935637.417602 1916044.75291 7
935637.48054 1916044.86337 7
935637.543478 1916044.97384 7
935637.606415 1916045.0843 7
935637.669353 1916045.19477 7
935637.732206 1916045.29414 7
935637.795144 1916045.4046 7
935637.858081 1916045.51507 7
935637.983872 1916045.7249 7
935638.055764 1916045.84639 7
935638.118787 1916045.96795 7
935638.190595 1916046.07835 7
935638.262402 1916046.18874 7
935638.334294 1916046.31023 7
935638.397232 1916046.4207 7
935638.46904 1916046.53109 7
935638.531977 1916046.64156 7
935638.60387 1916046.76305 7
935638.675677 1916046.87344 7
935638.747485 1916046.98384 7
935638.819292 1916047.09424 7
935638.88223 1916047.2047 7
935638.954122 1916047.32619 7
935639.025929 1916047.43659 7
935639.097737 1916047.54698 7
935639.169629 1916047.66847 7
935639.250391 1916047.7899 7
935639.331153 1916047.91132 7
935639.403046 1916048.03281 7
935639.483808 1916048.15423 7
935639.5557 1916048.27572 7
935639.645417 1916048.40817 7
935639.717309 1916048.52966 7
935639.807026 1916048.66211 7
935639.887873 1916048.79462 7
935639.97759 1916048.92707 7
935640.058437 1916049.05959 7
935640.148153 1916049.19204 7
935640.229 1916049.32455 7
935640.309762 1916049.44598 7
935640.399479 1916049.57843 7
935640.480326 1916049.71094 7
935640.570043 1916049.84339 7
935640.65089 1916049.97591 7
935640.740606 1916050.10835 7
935640.821453 1916050.24087 7
935640.911255 1916050.38441 7
935641.000887 1916050.50577 7
935641.090603 1916050.63822 7
935641.18032 1916050.77066 7
935641.261167 1916050.90318 7
935641.350884 1916051.03563 7
935641.431731 1916051.16815 7
935641.530317 1916051.30053 7
935641.611164 1916051.43304 7
935641.700881 1916051.56549 7
935641.781643 1916051.68691 7
935641.871359 1916051.81936 7
935641.960991 1916051.94072 7
935642.041753 1916052.06214 7
935642.131384 1916052.18349 7
935642.212146 1916052.30492 7
935642.292908 1916052.42634 7
935642.37367 1916052.54776 7
935642.454432 1916052.66918 7
935642.535194 1916052.7906 7
935642.615956 1916052.91203 7
935642.705587 1916053.03338 7
935642.786434 1916053.1659 7
935642.867111 1916053.27623 7
935642.947873 1916053.39765 7
935643.028635 1916053.51907 7
935643.109312 1916053.6294 7
935643.190074 1916053.75082 7
935643.270836 1916053.87224 7
935643.342728 1916053.99373 7
935643.441229 1916054.11502 7
935643.521991 1916054.23644 7
935643.611708 1916054.36889 7
935643.692385 1916054.47922 7
935643.782101 1916054.61167 7
935643.853994 1916054.73316 7
935643.943625 1916054.85451 7
935644.024387 1916054.97594 7
935644.105149 1916055.09736 7
935644.176956 1916055.20775 7
935644.266673 1916055.3402 7
935644.338565 1916055.46169 7
935644.419412 1916055.59421 7
935644.491219 1916055.70461 7
935644.572066 1916055.83712 7
935644.652913 1916055.96964 7
935644.733675 1916056.09106 7
935644.814522 1916056.22358 7
935644.886499 1916056.35616 7
935644.967261 1916056.47758 7
935645.039153 1916056.59907 7
935645.11113 1916056.73166 7
935645.183023 1916056.85315 7
935645.255 1916056.98573 7
935645.326977 1916057.11832 7
935645.398869 1916057.23981 7
935645.479716 1916057.37233 7
935645.551694 1916057.50491 7
935645.614716 1916057.62647 7
935645.686693 1916057.75905 7
935645.758671 1916057.89164 7
935645.821693 1916058.01319 7
935645.884716 1916058.13475 7
935645.956693 1916058.26734 7
935646.019716 1916058.3889 7
935646.082823 1916058.52155 7
935646.145931 1916058.6542 7
935646.217908 1916058.78679 7
935646.272061 1916058.90841 7
935646.398276 1916059.17372 7
935646.452514 1916059.30644 7
935646.506752 1916059.43916 7
935646.561075 1916059.58297 7
935646.624098 1916059.70453 7
935646.678421 1916059.84834 7
935646.732659 1916059.98106 7
935646.778112 1916060.12495 7
935646.841135 1916060.24651 7
935646.895458 1916060.39032 7
935646.940826 1916060.52311 7
935647.004019 1916060.66685 7
935647.049387 1916060.79964 7
935647.10371 1916060.94346 7
935647.149079 1916061.07625 7
935647.212271 1916061.21999 7
935647.25764 1916061.35278 7
935647.303093 1916061.49666 7
935647.366286 1916061.64041 7
935647.411739 1916061.78429 7
935647.457192 1916061.92817 7
935647.502561 1916062.06096 7
935647.556799 1916062.19368 7
935647.611122 1916062.3375 7
935647.656575 1916062.48138 7
935647.701943 1916062.61417 7
935647.747312 1916062.74696 7
935647.801635 1916062.89077 7
935647.847088 1916063.03465 7
935647.901411 1916063.17847 7
935647.946864 1916063.32235 7
935648.001187 1916063.46616 7
935648.046641 1916063.61005 7
935648.101049 1916063.76495 7
935648.155287 1916063.89767 7
935648.209695 1916064.05258 7
935648.264103 1916064.20749 7
935648.318426 1916064.35131 7
935648.372834 1916064.50621 7
935648.427156 1916064.65003 7
935648.481564 1916064.80494 7
935648.535972 1916064.95985 7
935648.590295 1916065.10366 7
935648.644703 1916065.25857 7
935648.708066 1916065.4245 7
935648.762389 1916065.56832 7
935648.825751 1916065.73425 7
935648.87129 1916065.88923 7
935648.934567 1916066.04407 7
935648.988975 1916066.19898 7
935649.052338 1916066.36491 7
935649.097876 1916066.51989 7
935649.161154 1916066.67473 7
935649.206777 1916066.8408 7
935649.27014 1916067.00673 7
935649.324548 1916067.16164 7
935649.370171 1916067.32771 7
935649.424579 1916067.48262 7
935649.479072 1916067.64862 7
935649.52461 1916067.8036 7
935649.579103 1916067.9696 7
935649.624642 1916068.12458 7
935649.679135 1916068.29058 7
935649.733627 1916068.45658 7
935649.78812 1916068.62259 7
935649.833829 1916068.79975 7
935649.888322 1916068.96575 7
935649.93403 1916069.14292 7
935649.988523 1916069.30892 7
935650.043101 1916069.48602 7
935650.088724 1916069.65209 7
935650.134433 1916069.82925 7
935650.179971 1916069.98423 7
935650.21681 1916070.16146 7
935650.262433 1916070.32753 7
935650.308056 1916070.4936 7
935650.35368 1916070.65967 7
935650.381564 1916070.82588 7
935650.435972 1916070.98078 7
935650.472725 1916071.14692 7
935650.518264 1916071.3019 7
935650.563887 1916071.46797 7
935650.609425 1916071.62295 7
935650.654963 1916071.77792 7
935650.700587 1916071.94399 7
935650.73717 1916072.08794 7
935650.791663 1916072.25395 7
935650.828332 1916072.40899 7
935650.882825 1916072.57499 7
935650.928278 1916072.71888 7
935650.973816 1916072.87385 7
935651.019355 1916073.02883 7
935651.073763 1916073.18374 7
935651.110346 1916073.32769 7
935651.155885 1916073.48266 7
935651.192468 1916073.62661 7
935651.238006 1916073.78159 7
935651.27459 1916073.92554 7
935651.311259 1916074.08058 7
935651.356712 1916074.22447 7
935651.384426 1916074.36849 7
935651.42101 1916074.51244 7
935651.448724 1916074.65645 7
935651.494092 1916074.78924 7
935651.512936 1916074.93333 7
935651.55839 1916075.07721 7
935651.577149 1916075.2102 7
935651.613733 1916075.35415 7
935651.641362 1916075.48708 7
935651.678115 1916075.65322 7
935651.705829 1916075.79723 7
935651.742583 1916075.96337 7
935651.770212 1916076.0963 7
935651.806881 1916076.25134 7
935651.83468 1916076.40645 7
935651.862479 1916076.56157 7
935651.890278 1916076.71668 7
935651.926946 1916076.87172 7
935651.954745 1916077.02684 7
935651.98263 1916077.19304 7
935652.010429 1916077.34815 7
935652.038228 1916077.50327 7
935652.057157 1916077.65845 7
935652.093826 1916077.81349 7
935652.12171 1916077.9797 7
935652.149594 1916078.1459 7
935652.168608 1916078.31218 7
935652.196407 1916078.46729 7
935652.215422 1916078.63356 7
935652.252175 1916078.7997 7
935652.271275 1916078.97707 7
935652.299159 1916079.14328 7
935652.318088 1916079.29846 7
935652.345972 1916079.46466 7
935652.373856 1916079.63087 7
935652.392871 1916079.79715 7
935652.411885 1916079.96342 7
935652.439769 1916080.12963 7
935652.458784 1916080.2959 7
935652.477713 1916080.45108 7
935652.496728 1916080.61736 7
935652.515827 1916080.79472 7
935652.534842 1916080.961 7
935652.544986 1916081.12734 7
935652.57287 1916081.29355 7
935652.583015 1916081.45989 7
935652.60203 1916081.62616 7
935652.621044 1916081.79244 7
935652.631274 1916081.96987 7
935652.650373 1916082.14724 7
935652.669388 1916082.31352 7
935652.688487 1916082.49088 7
935652.698547 1916082.64613 7
935652.717647 1916082.8235 7
935652.718837 1916082.97882 7
935652.737851 1916083.14509 7
935652.747911 1916083.30034 7
935652.757971 1916083.45559 7
935652.78577 1916083.6107 7
935652.795745 1916083.75486 7
935652.814674 1916083.91004 7
935652.833518 1916084.05412 7
935652.852363 1916084.19821 7
935652.862253 1916084.33127 7
935652.889967 1916084.47529 7
935652.908811 1916084.61937 7
935652.927655 1916084.76346 7
935652.9465 1916084.90755 7
935652.95656 1916085.06279 7
935652.975489 1916085.21797 7
935653.003288 1916085.37309 7
935653.013348 1916085.52833 7
935653.041147 1916085.68345 7
935653.060076 1916085.83863 7
935653.079091 1916086.0049 7
935653.09802 1916086.16008 7
935653.116949 1916086.31526 7
935653.135879 1916086.47044 7
935653.163678 1916086.62556 7
935653.182692 1916086.79183 7
935653.201622 1916086.94701 7
935653.229421 1916087.10212 7
935653.239481 1916087.25737 7
935653.258495 1916087.42364 7
935653.286294 1916087.57876 7
935653.305308 1916087.74503 7
935653.324323 1916087.91131 7
935653.352207 1916088.07751 7
935653.362267 1916088.23276 7
935653.390151 1916088.39897 7
935653.40908 1916088.55415 7
935653.428094 1916088.72042 7
935653.446939 1916088.86451 7
935653.465953 1916089.03078 7
935653.475928 1916089.17494 7
935653.494942 1916089.34121 7
935653.504832 1916089.47427 7
935653.523846 1916089.64055 7
935653.533736 1916089.77361 7
935653.552666 1916089.92879 7
935653.553771 1916090.07301 7
935653.572785 1916090.23928 7
935653.59163 1916090.38337 7
935653.601774 1916090.54971 7
935653.611749 1916090.69387 7
935653.621809 1916090.84911 7
935653.631954 1916091.01546 7
935653.642014 1916091.1707 7
935653.652073 1916091.32595 7
935653.662218 1916091.49229 7
935653.672363 1916091.65864 7
935653.673553 1916091.81395 7
935653.683698 1916091.9803 7
935653.693758 1916092.13554 7